0,1,2
0,0,128
0,0,127
0,0,126
0,0,130
0,0,141
0,0,142
0,0,139
0,0,133
0,0,132
0,0,140
5,1,142
0,0,143
1,1,142
6,1,134
0,0,122
0,0,108
0,0,99
0,0,102
0,0,106
1,1,102
0,0,92
0,0,88
0,0,96
9,1,120
0,0,123
1,1,121
4,1,120
17,1,123
7,1,120
0,0,113
0,0,109
23,1,124
0,0,110
0,0,103
1,1,98
0,0,85
0,0,70
0,0,62
0,0,61
0,0,68
1,1,62
5,1,53
0,0,52
0,0,56
0,0,59
0,0,51
0,0,54
0,0,83
0,0,106
0,0,117
28,1,114
0,0,104
0,0,96
0,0,91
0,0,89
1,1,87
0,0,86
0,0,95
0,0,120
11,1,107
0,0,100
2,1,113
15,1,119
0,0,121
9,1,117
4,1,130
0,0,134
0,0,124
0,0,109
0,0,103
0,0,108
0,0,112
0,0,115
20,2,127
0,0,133
0,0,136
0,0,137
13,1,135
15,1,129
16,1,123
18,1,127
12,1,129
7,1,126
9,1,134
13,1,137
0,0,142
0,0,150
0,0,152
0,0,144
0,0,131
14,2,127
13,1,132
0,0,130
4,2,126
4,1,133
0,0,138
0,0,141
0,0,139
0,0,136
2,1,140
3,1,135
3,1,143
9,1,133
0,0,128
10,1,147
28,1,129
0,0,119
6,1,117
0,0,113
0,0,122
28,1,135
12,1,124
30,1,131
12,1,124
0,0,123
1,1,128
30,1,140
0,0,139
29,1,136
29,1,139
0,0,137
7,1,140
9,1,138
18,1,121
0,0,111
0,0,103
1,1,107
0,0,108
4,1,93
0,0,90
0,0,96
5,1,120
28,1,121
0,0,118
0,0,116
1,1,119
18,1,119
6,1,113
0,0,109
6,1,120
24,1,105
0,0,101
0,0,100
0,0,92
0,0,83
0,0,71
0,0,68
0,0,70
0,0,66
0,0,63
0,0,65
0,0,58
0,0,54
0,0,57
1,1,48
0,0,52
0,0,82
18,1,115
29,1,109
0,0,99
0,0,91
0,0,87
0,0,88
0,0,86
1,2,95
10,1,122
0,0,110
15,1,110
0,0,112
1,1,118
0,0,123
8,1,121
0,0,125
0,0,134
0,0,137
3,1,108
0,0,100
0,0,103
3,1,112
30,1,123
11,1,130
0,0,132
0,0,133
3,1,134
3,1,126
22,1,123
0,0,124
4,1,126
24,1,125
3,2,128
0,0,129
16,1,138
0,0,142
0,0,144
3,1,129
0,0,127
26,1,124
18,1,127
13,1,127
20,2,127
17,1,132
0,0,135
2,1,131
21,1,135
3,1,129
8,2,135
11,1,133
28,1,149
0,0,143
0,0,130
0,0,123
15,1,120
0,0,114
0,0,121
28,1,130
28,1,122
29,1,129
4,1,115
1,1,116
7,1,132
0,0,138
0,0,137
27,1,136
0,0,145
0,0,139
0,0,134
5,1,134
3,1,128
0,0,124
15,1,110
0,0,105
0,0,104
2,1,109
0,0,106
0,0,95
0,0,90
2,1,107
0,0,118
26,1,118
30,1,113
0,0,112
1,1,113
0,0,114
6,1,115
7,1,115
0,0,119
10,1,109
21,1,107
0,0,108
20,1,98
0,0,85
0,0,74
0,0,64
0,0,63
0,0,66
0,0,60
0,0,55
0,0,58
0,0,59
0,0,54
0,0,56
0,0,84
16,1,115
27,1,103
0,0,92
0,0,86
0,0,88
19,1,79
0,0,80
0,0,78
23,1,111
0,0,117
0,0,110
0,0,109
14,1,110
18,1,116
0,0,124
0,0,128
1,1,132
0,0,140
0,0,139
0,0,126
0,0,106
24,1,91
0,0,100
13,1,117
0,0,125
8,1,128
0,0,129
16,2,130
7,1,123
0,0,119
0,0,120
0,0,121
4,1,122
27,1,122
3,1,120
0,0,116
0,0,115
7,1,129
0,0,131
21,1,125
11,1,120
0,0,118
10,1,116
17,1,126
0,0,127
2,1,123
21,1,119
26,1,125
25,1,123
18,1,128
19,1,120
8,2,131
0,0,136
0,0,139
0,0,145
0,0,148
3,1,130
23,1,135
24,1,115
0,0,117
15,1,125
26,1,120
26,1,123
0,0,122
0,0,116
1,1,119
29,1,132
23,1,135
0,0,134
0,0,137
0,0,142
1,1,139
23,1,129
16,1,120
25,1,109
0,0,103
0,0,98
0,0,96
0,0,99
4,1,104
0,0,97
0,0,93
6,1,106
0,0,118
30,1,123
16,1,117
0,0,114
0,0,111
0,0,112
3,1,117
10,1,120
0,0,116
25,1,117
10,1,113
13,1,124
0,0,125
16,1,102
0,0,78
0,0,64
0,0,59
0,0,63
0,0,55
1,1,63
0,0,74
0,0,76
0,0,87
0,0,100
0,0,108
21,1,116
0,0,106
0,0,98
0,0,93
0,0,90
0,0,83
0,0,73
0,0,71
1,1,73
6,1,99
10,1,103
0,0,107
29,1,102
17,1,128
0,0,130
2,2,139
0,0,137
0,0,122
28,1,90
0,0,82
0,0,87
16,1,115
0,0,124
0,0,126
14,1,132
0,0,134
1,1,126
0,0,119
22,1,110
0,0,109
1,1,113
27,1,118
8,1,120
0,0,117
9,2,116
0,0,121
29,1,118
16,1,117
19,1,117
0,0,112
1,1,118
0,0,123
0,0,127
27,1,123
13,1,113
25,1,123
6,1,130
0,0,137
0,0,138
0,0,133
0,0,125
12,1,133
0,0,141
0,0,144
0,0,139
0,0,134
0,0,132
12,1,129
9,2,127
30,1,111
0,0,114
0,0,124
30,1,120
0,0,118
0,0,119
2,1,123
29,1,122
13,1,133
20,2,127
21,1,133
0,0,137
0,0,138
0,0,125
0,0,115
22,1,112
1,1,111
0,0,104
0,0,99
0,0,91
0,0,93
0,0,101
0,0,108
0,0,105
0,0,103
0,0,106
12,1,118
0,0,121
0,0,128
0,0,126
30,1,117
18,2,114
0,0,116
6,1,125
3,1,110
14,1,119
12,1,128
0,0,135
0,0,139
0,0,130
0,0,123
0,0,97
0,0,75
0,0,71
0,0,72
0,0,66
0,0,74
0,0,86
0,0,101
0,0,104
26,1,105
0,0,96
0,0,102
3,1,103
8,1,93
0,0,80
0,0,67
0,0,60
18,1,73
18,1,72
0,0,77
8,1,88
0,0,94
2,1,88
0,0,110
0,0,127
1,1,121
0,0,119
0,0,124
0,0,126
3,1,103
28,1,88
15,1,102
0,0,112
11,1,125
0,0,129
0,0,134
0,0,133
1,1,127
17,1,113
15,1,97
16,1,102
5,1,118
26,1,122
0,0,117
0,0,111
0,0,110
0,0,116
7,1,119
0,0,115
25,1,114
19,1,117
0,0,109
0,0,108
22,1,121
26,1,128
0,0,124
19,1,106
0,0,107
0,0,125
0,0,134
0,0,141
0,0,150
0,0,151
0,0,144
0,0,140
0,0,137
0,0,147
0,0,146
0,0,142
16,1,116
29,1,129
0,0,131
2,1,123
22,1,118
30,1,113
26,1,123
5,1,115
14,1,115
28,1,125
12,1,126
18,1,128
16,1,121
0,0,122
19,1,125
0,0,120
0,0,108
0,0,100
0,0,103
0,0,110
25,1,121
0,0,117
4,1,95
1,1,107
25,1,118
7,1,116
11,1,120
18,1,126
28,1,122
15,1,113
20,1,110
0,0,112
22,1,122
17,1,113
0,0,119
0,0,125
0,0,134
0,0,137
0,0,140
0,0,139
1,1,140
8,1,102
0,0,97
0,0,100
0,0,99
0,0,105
0,0,115
15,1,113
0,0,114
0,0,107
7,1,96
0,0,98
9,1,105
0,0,94
0,0,79
0,0,65
0,0,62
0,0,81
0,0,83
0,0,72
0,0,71
0,0,70
0,0,75
0,0,85
0,0,86
11,1,81
0,0,106
0,0,123
0,0,121
27,1,112
0,0,118
5,2,113
0,0,108
0,0,100
30,1,107
0,0,111
11,1,119
15,1,126
0,0,125
17,1,125
20,1,114
0,0,101
0,0,92
0,0,91
15,1,110
23,1,121
25,1,118
0,0,117
1,1,116
7,2,119
4,1,111
6,1,116
0,0,109
0,0,108
0,0,113
30,1,124
1,1,122
1,1,106
9,1,126
0,0,137
0,0,143
0,0,148
0,0,146
0,0,141
0,0,138
5,1,135
0,0,131
0,0,130
0,0,120
0,0,112
29,1,133
14,1,126
29,1,117
0,0,114
0,0,110
4,1,127
29,1,117
6,1,115
8,1,123
6,1,125
15,1,127
11,1,125
7,2,126
0,0,122
27,1,100
0,0,96
0,0,102
0,0,111
21,1,127
18,1,114
0,0,103
7,1,112
0,0,121
29,1,123
0,0,120
0,0,117
30,1,113
0,0,118
8,1,121
0,0,119
5,1,110
1,1,111
8,2,124
24,1,127
0,0,133
0,0,143
0,0,141
0,0,137
0,0,131
0,0,135
0,0,142
0,0,140
0,0,132
27,1,124
29,1,125
15,1,124
0,0,102
0,0,97
0,0,109
0,0,108
0,0,98
0,0,99
27,1,111
4,1,84
0,0,77
0,0,82
0,0,92
0,0,86
0,0,75
1,1,73
0,0,83
0,0,93
0,0,91
0,0,81
12,1,104
0,0,120
1,1,116
0,0,113
4,1,128
0,0,130
0,0,125
8,1,117
0,0,114
1,1,112
1,1,113
0,0,119
16,1,119
0,0,111
19,1,123
0,0,115
23,1,96
0,0,94
0,0,100
0,0,108
24,1,112
17,1,117
0,0,124
0,0,122
18,1,117
3,1,123
0,0,118
12,1,114
30,1,109
0,0,107
25,1,114
8,1,118
30,1,122
15,2,135
0,0,138
2,1,133
0,0,130
0,0,129
0,0,131
0,0,144
0,0,125
0,0,116
30,1,120
0,0,112
30,1,131
12,1,124
5,1,112
29,1,109
10,1,129
0,0,123
15,1,115
0,0,113
0,0,110
29,1,123
22,1,126
0,0,128
1,1,129
0,0,130
22,2,125
0,0,119
28,1,108
15,1,117
16,1,121
20,1,105
0,0,106
30,1,113
0,0,118
13,1,118
14,1,109
0,0,103
0,0,101
17,1,116
0,0,120
17,1,118
4,1,115
6,1,122
29,1,137
0,0,140
0,0,136
0,0,138
0,0,141
5,1,126
15,2,132
0,0,145
0,0,142
0,0,130
0,0,127
20,2,116
0,0,111
0,0,94
0,0,84
0,0,107
25,1,102
0,0,101
0,0,109
8,1,103
0,0,93
0,0,91
0,0,95
0,0,90
0,0,81
0,0,74
0,0,75
0,0,78
7,1,101
0,0,98
0,0,85
21,1,107
0,0,119
0,0,124
0,0,120
3,1,126
0,0,135
0,0,137
0,0,132
0,0,128
0,0,127
9,1,119
0,0,115
0,0,112
0,0,113
0,0,118
0,0,121
2,1,115
4,1,118
7,1,105
0,0,97
0,0,95
0,0,100
27,1,107
0,0,104
0,0,108
0,0,116
0,0,123
22,2,117
0,0,122
1,1,115
12,1,111
26,1,110
13,1,110
5,1,111
0,0,112
30,1,125
0,0,131
0,0,137
0,0,144
0,0,139
0,0,129
0,0,127
20,1,120
3,1,139
11,1,120
7,1,119
25,1,108
0,0,117
10,1,116
22,1,106
0,0,104
30,1,119
0,0,123
18,1,115
1,1,114
15,1,121
25,1,124
28,1,129
0,0,128
0,0,130
0,0,131
1,1,133
0,0,132
6,1,128
8,1,125
21,1,116
25,1,100
0,0,93
29,2,110
24,1,104
0,0,101
0,0,99
0,0,95
0,0,94
0,0,90
0,0,98
0,0,111
0,0,119
0,0,126
23,2,124
23,1,130
0,0,135
0,0,139
1,1,138
0,0,136
0,0,132
8,1,121
0,0,115
0,0,117
0,0,120
0,0,133
0,0,134
0,0,118
0,0,114
0,0,102
0,0,97
30,1,98
0,0,87
0,0,89
0,0,96
4,1,93
3,1,95
5,1,96
3,1,90
1,1,84
0,0,79
0,0,76
1,1,78
13,1,104
20,1,88
0,0,101
0,0,116
0,0,123
0,0,126
0,0,124
0,0,120
3,1,136
0,0,137
0,0,133
0,0,129
0,0,130
1,1,126
9,1,114
0,0,113
0,0,118
0,0,121
15,1,121
6,2,110
0,0,106
0,0,96
0,0,95
0,0,102
0,0,111
13,1,107
16,1,115
0,0,119
17,1,118
22,1,120
6,1,112
10,1,112
19,1,111
28,1,112
23,1,107
20,1,122
0,0,134
0,0,142
0,0,144
0,0,145
0,0,138
0,0,129
0,0,128
0,0,124
9,1,122
0,0,131
6,2,127
21,1,95
0,0,97
0,0,102
0,0,109
0,0,105
1,1,98
0,0,100
0,0,106
29,1,111
8,1,113
0,0,118
0,0,117
0,0,104
0,0,120
0,0,121
0,0,123
0,0,126
27,2,123
0,0,125
0,0,124
6,1,118
11,1,128
0,0,133
0,0,132
3,1,119
23,1,105
0,0,101
25,1,112
4,1,98
0,0,93
0,0,90
0,0,89
0,0,88
1,1,89
0,0,94
0,0,103
0,0,113
26,1,134
1,1,131
23,1,136
0,0,140
0,0,130
8,1,127
0,0,123
0,0,116
24,1,116
0,0,122
15,1,123
3,1,119
7,1,112
0,0,100
0,0,95
0,0,96
2,1,88
0,0,91
0,0,84
0,0,83
7,1,98
0,0,97
1,1,102
0,0,101
12,1,86
11,1,92
12,1,82
0,0,79
0,0,89
20,1,92
5,1,99
0,0,116
0,0,128
0,0,131
0,0,123
0,0,115
0,0,119
5,1,133
0,0,130
3,2,135
10,1,125
14,1,113
0,0,112
13,1,116
15,1,115
0,0,114
6,1,106
0,0,98
1,1,109
0,0,120
0,0,126
0,0,124
25,1,115
11,1,116
7,1,122
19,1,110
1,1,111
3,2,114
26,1,112
0,0,108
0,0,105
8,1,126
0,0,142
0,0,136
0,0,133
0,0,134
0,0,131
0,0,128
1,2,123
24,1,123
25,1,119
18,1,98
0,0,90
2,1,111
28,1,100
0,0,93
0,0,94
8,1,101
0,0,104
1,2,112
16,1,115
0,0,99
22,1,122
0,0,121
29,1,122
0,0,113
0,0,108
0,0,110
3,1,115
0,0,123
8,1,124
10,1,129
13,1,112
10,1,114
0,0,107
23,1,123
4,1,104
0,0,92
0,0,90
0,0,94
0,0,96
0,0,101
1,1,99
0,0,105
0,0,118
0,0,126
23,1,126
0,0,125
4,1,130
0,0,132
0,0,122
0,0,113
0,0,116
28,1,124
2,2,126
27,1,112
19,1,101
0,0,93
1,3,92
0,0,89
0,0,84
0,0,86
0,0,87
2,1,91
0,0,106
0,0,114
16,1,106
0,0,100
16,1,88
8,1,92
3,1,87
0,0,83
6,1,89
20,1,86
17,1,114
0,0,131
0,0,129
0,0,125
0,0,123
3,1,131
0,0,127
0,0,120
1,1,122
7,1,124
9,1,116
0,0,113
0,0,115
0,0,119
1,1,115
20,1,116
7,1,105
0,0,94
0,0,95
0,0,107
0,0,121
0,0,126
17,1,116
0,0,108
9,1,105
0,0,112
0,0,118
22,2,109
19,1,109
0,0,111
25,1,118
30,1,115
12,1,119
0,0,134
0,0,142
21,1,113
0,0,123
24,1,126
0,0,128
28,1,117
19,1,119
0,0,121
4,1,107
0,0,99
0,0,94
0,0,95
3,1,95
0,0,92
1,2,98
0,0,104
0,0,110
12,1,107
0,0,111
19,1,115
6,1,125
0,0,122
23,1,119
23,2,101
1,1,106
0,0,105
0,0,116
14,1,109
9,1,127
14,1,115
13,1,119
26,1,123
0,0,130
22,1,115
16,1,100
0,0,99
0,0,103
23,1,109
21,1,106
0,0,113
29,1,114
23,1,104
10,1,106
15,1,115
25,1,112
25,1,126
25,1,120
0,0,122
15,1,104
0,0,97
0,0,93
0,0,90
1,1,88
1,1,87
0,0,84
1,1,89
0,0,92
0,0,91
0,0,95
28,1,120
25,1,104
5,1,93
15,1,93
3,2,86
15,1,88
0,0,85
1,1,88
17,1,114
0,0,124
0,0,125
0,0,126
0,0,132
0,0,139
0,0,136
5,1,114
0,0,112
0,0,107
0,0,108
3,1,114
5,1,111
0,0,115
0,0,117
0,0,116
19,1,115
4,1,115
0,0,105
0,0,91
0,0,90
0,0,100
0,0,113
0,0,118
1,1,110
0,0,102
6,1,100
4,1,115
18,1,115
30,1,119
28,1,115
0,0,122
26,1,121
1,1,119
0,0,123
0,0,136
0,0,132
23,1,108
24,1,119
10,1,123
28,1,112
28,1,117
0,0,124
22,1,111
0,0,103
0,0,99
0,0,94
0,0,90
1,1,95
0,0,102
0,0,96
1,1,105
11,1,109
1,2,111
0,0,114
0,0,115
0,0,127
0,0,122
25,1,107
0,0,106
13,1,102
0,0,104
25,1,92
24,2,88
0,0,101
0,0,118
0,0,123
0,0,125
17,1,125
17,1,119
0,0,126
7,1,123
25,1,108
0,0,100
0,0,94
0,0,95
3,1,104
27,1,103
25,1,95
0,0,86
0,0,81
0,0,79
0,0,83
0,0,91
0,0,114
0,0,120
18,1,116
4,1,113
27,1,112
8,1,109
24,1,95
26,1,100
26,1,89
18,1,82
3,1,96
1,1,93
0,0,98
0,0,107
1,1,98
27,1,93
0,0,90
0,0,86
15,1,89
0,0,78
17,1,95
10,2,82
12,1,104
0,0,108
0,0,111
0,0,119
0,0,124
0,0,132
0,0,141
0,0,139
0,0,126
0,0,109
0,0,106
0,0,97
0,0,96
0,0,101
4,1,107
0,0,110
1,2,109
19,1,116
0,0,120
0,0,115
14,1,92
0,0,88
0,0,93
13,1,117
0,0,118
22,1,99
21,1,99
15,1,113
14,1,113
18,1,124
0,0,119
12,1,122
21,1,123
0,0,126
7,1,122
6,1,111
23,1,112
30,1,112
3,1,116
0,0,114
23,1,110
0,0,120
21,1,121
6,1,107
0,0,99
0,0,94
0,0,92
0,0,97
0,0,104
13,1,101
0,0,95
4,1,106
1,1,108
25,2,113
0,0,109
0,0,119
30,1,104
0,0,103
11,1,105
1,2,100
0,0,89
19,1,93
0,0,84
0,0,87
0,0,98
10,1,110
0,0,118
0,0,120
2,1,105
0,0,99
30,1,109
25,1,100
0,0,85
0,0,76
0,0,74
0,0,81
0,0,102
27,1,97
24,1,81
0,0,77
0,0,72
0,0,78
0,0,90
8,1,117
0,0,122
1,1,118
0,0,114
0,0,113
0,0,112
0,0,108
0,0,107
0,0,110
29,1,95
22,1,104
29,1,94
0,0,87
24,1,93
4,1,85
0,0,84
11,1,100
13,1,86
0,0,83
6,1,85
0,0,75
0,0,76
0,0,78
0,0,79
0,0,92
0,0,109
0,0,114
0,0,106
19,1,89
0,0,96
26,1,105
0,0,112
0,0,117
0,0,127
0,0,134
0,0,130
0,0,119
0,0,103
26,1,94
0,0,91
30,1,102
0,0,108
0,0,111
22,1,107
22,1,107
0,0,116
0,0,121
1,1,114
0,0,99
28,1,97
11,1,117
0,0,118
29,1,95
7,2,107
0,0,112
13,1,112
0,0,115
0,0,120
19,2,119
0,0,113
5,1,128
0,0,126
5,1,111
0,0,98
2,1,118
9,1,108
1,1,113
0,0,110
0,0,104
0,0,109
0,0,123
21,1,117
26,1,105
0,0,93
0,0,88
0,0,90
0,0,96
0,0,106
26,1,104
0,0,102
15,1,107
18,1,112
24,1,115
3,1,106
13,1,94
1,1,104
29,1,109
28,1,105
18,1,93
0,0,91
0,0,82
0,0,75
0,0,78
29,1,92
0,0,97
1,2,92
0,0,87
1,1,88
23,1,102
0,0,100
0,0,89
0,0,77
1,1,80
30,2,82
0,0,76
5,1,83
0,0,84
1,1,97
0,0,112
0,0,110
0,0,113
0,0,122
1,1,119
1,1,117
0,0,105
25,1,104
0,0,92
25,1,92
22,1,99
0,0,103
1,1,101
0,0,90
26,1,67
0,0,68
30,1,94
0,0,95
0,0,88
0,0,81
0,0,80
0,0,77
0,0,72
0,0,79
0,0,87
21,1,93
10,1,97
27,1,106
1,1,105
1,1,109
0,0,121
0,0,129
0,0,135
0,0,140
0,0,134
0,0,120
7,1,107
15,1,93
0,0,96
0,0,101
0,0,110
0,0,112
0,0,108
0,0,102
0,0,103
3,1,112
0,0,116
0,0,122
0,0,123
0,0,111
29,1,105
3,1,116
0,0,118
13,1,92
1,1,93
16,1,112
21,1,111
23,1,113
11,1,120
13,1,111
0,0,119
0,0,124
4,2,108
0,0,99
0,0,114
28,1,113
27,1,105
0,0,109
0,0,106
0,0,101
5,1,123
20,1,110
1,1,99
0,0,84
0,0,81
0,0,82
0,0,90
0,0,96
20,1,101
23,1,110
0,0,112
24,1,116
1,1,112
23,1,104
0,0,80
15,1,85
0,0,95
13,1,109
8,1,110
10,1,102
0,0,88
11,1,73
0,0,71
0,0,75
0,0,77
0,0,79
1,2,81
0,0,90
0,0,89
0,0,83
21,1,99
26,1,101
0,0,92
0,0,86
0,0,87
28,1,77
0,0,67
1,1,81
14,1,89
14,1,84
10,1,94
0,0,105
0,0,117
0,0,119
0,0,120
2,1,109
20,1,81
28,1,80
20,1,81
15,1,93
0,0,103
0,0,107
2,1,85
27,1,58
0,0,63
0,0,79
0,0,96
0,0,104
0,0,95
0,0,82
0,0,75
17,1,76
0,0,88
0,0,94
1,1,87
8,1,85
0,0,99
0,0,113
0,0,116
0,0,108
25,1,111
0,0,130
0,0,142
0,0,144
1,1,135
0,0,121
0,0,110
1,1,102
0,0,98
16,1,102
6,2,105
0,0,100
18,1,108
0,0,107
20,1,123
0,0,124
0,0,112
15,1,102
28,1,113
1,1,107
19,1,90
0,0,88
0,0,96
19,1,108
1,2,109
0,0,115
0,0,119
1,1,114
0,0,122
0,0,121
25,1,100
0,0,104
0,0,103
0,0,117
7,1,113
18,1,105
28,1,104
0,0,97
0,0,98
0,0,112
14,1,107
0,0,102
0,0,93
0,0,83
0,0,81
0,0,84
0,0,88
0,0,87
3,1,97
0,0,106
0,0,110
30,1,114
0,0,116
3,1,110
25,1,102
0,0,85
17,1,83
0,0,86
27,1,101
14,1,119
0,0,122
30,1,106
0,0,100
29,1,80
0,0,73
0,0,71
0,0,69
0,0,68
3,1,81
0,0,91
0,0,88
0,0,78
0,0,75
0,0,89
0,0,98
0,0,103
0,0,99
0,0,90
0,0,84
7,1,63
0,0,60
0,0,64
21,1,94
0,0,96
17,1,82
17,1,91
15,1,112
0,0,116
0,0,117
0,0,114
0,0,100
13,1,68
0,0,74
0,0,67
0,0,65
0,0,70
0,0,77
0,0,88
0,0,95
20,1,90
19,1,68
10,1,68
0,0,79
0,0,97
0,0,111
24,1,88
14,1,81
0,0,87
0,0,89
0,0,91
0,0,86
5,1,80
18,1,103
0,0,110
0,0,109
0,0,105
15,1,115
0,0,135
0,0,145
0,0,144
0,0,136
0,0,125
6,1,114
0,0,117
9,1,112
1,1,111
13,1,110
0,0,104
0,0,101
22,2,108
0,0,113
0,0,122
0,0,119
8,1,92
1,1,99
12,1,108
9,1,106
0,0,89
0,0,82
0,0,84
0,0,91
0,0,95
10,1,103
0,0,107
29,1,118
20,1,125
0,0,133
2,1,106
15,1,98
10,1,114
0,0,117
22,1,104
1,2,102
0,0,94
0,0,92
0,0,101
21,1,102
4,1,83
0,0,79
0,0,84
0,0,87
0,0,86
3,1,77
23,2,104
0,0,110
0,0,115
0,0,116
0,0,111
0,0,108
0,0,105
0,0,106
2,1,96
0,0,85
18,1,92
0,0,100
0,0,113
0,0,124
0,0,128
0,0,121
0,0,123
0,0,130
3,1,103
0,0,88
13,1,79
0,0,71
0,0,70
0,0,78
6,1,84
0,0,72
0,0,69
0,0,80
0,0,93
0,0,99
0,0,95
0,0,82
7,1,68
0,0,65
0,0,61
0,0,63
0,0,77
10,1,105
0,0,106
0,0,101
13,1,100
0,0,104
0,0,107
0,0,111
0,0,112
4,1,86
30,1,64
19,1,61
0,0,59
0,0,67
0,0,75
26,1,83
0,0,78
0,0,73
0,0,74
0,0,76
26,1,75
6,1,94
27,1,102
0,0,89
0,0,85
2,1,91
0,0,92
0,0,88
0,0,80
17,1,88
0,0,97
0,0,103
0,0,107
14,1,106
0,0,113
0,0,127
0,0,139
0,0,143
0,0,134
0,0,128
0,0,122
0,0,118
2,1,135
0,0,132
0,0,125
0,0,126
0,0,123
0,0,120
0,0,114
19,2,108
19,1,114
0,0,117
16,2,98
0,0,86
1,1,95
0,0,105
0,0,109
0,0,115
2,1,91
0,0,79
0,0,78
0,0,82
0,0,89
0,0,93
14,1,104
21,1,119
0,0,127
0,0,129
0,0,135
0,0,126
0,0,100
0,0,83
11,1,106
0,0,108
0,0,110
0,0,112
24,1,105
16,1,100
0,0,92
22,2,102
0,0,99
0,0,85
0,0,75
0,0,76
0,0,81
0,0,86
5,1,79
0,0,78
23,1,90
0,0,98
24,1,114
0,0,118
0,0,116
3,1,110
27,1,117
30,1,98
0,0,96
12,1,104
0,0,111
0,0,121
0,0,124
0,0,119
1,1,124
0,0,126
0,0,120
14,1,118
23,1,88
0,0,68
0,0,66
0,0,78
0,0,81
0,0,75
1,1,81
0,0,90
0,0,94
2,1,77
10,1,69
0,0,71
14,1,67
0,0,76
0,0,91
0,0,102
0,0,113
0,0,116
0,0,115
0,0,107
0,0,101
1,1,105
1,1,95
12,1,65
29,1,65
0,0,59
1,1,64
22,1,81
27,1,68
0,0,61
26,1,83
6,1,76
0,0,82
0,0,92
23,1,99
1,1,97
27,1,95
0,0,91
0,0,89
0,0,86
14,1,85
0,0,90
9,1,106
0,0,111
0,0,116
0,0,124
0,0,134
0,0,146
0,0,145
0,0,135
0,0,132
0,0,128
6,1,140
0,0,153
0,0,141
0,0,133
8,1,134
0,0,126
0,0,117
0,0,110
19,1,114
20,1,115
0,0,118
0,0,122
24,1,97
0,0,86
0,0,85
0,0,95
0,0,107
12,1,115
0,0,109
0,0,98
0,0,92
0,0,89
2,1,90
4,1,98
0,0,104
21,1,123
0,0,124
0,0,121
0,0,127
0,0,119
0,0,94
0,0,77
12,1,106
0,0,102
12,1,113
0,0,114
26,1,103
0,0,101
0,0,96
24,1,93
5,1,100
0,0,80
0,0,68
0,0,72
0,0,78
0,0,79
20,1,80
0,0,85
0,0,92
14,1,96
0,0,105
0,0,118
0,0,125
0,0,127
0,0,124
0,0,122
0,0,123
0,0,115
0,0,112
0,0,108
0,0,109
0,0,110
0,0,106
13,1,107
0,0,113
0,0,111
29,1,98
0,0,103
0,0,101
0,0,104
15,1,114
0,0,97
0,0,77
0,0,74
0,0,72
1,1,76
0,0,78
0,0,82
0,0,87
0,0,88
3,1,71
0,0,59
0,0,60
0,0,62
0,0,65
13,1,77
0,0,83
0,0,90
0,0,94
0,0,92
0,0,85
0,0,93
1,1,89
0,0,95
0,0,99
20,1,70
17,1,63
0,0,61
19,1,60
23,1,69
0,0,80
0,0,78
24,1,59
0,0,66
0,0,81
1,1,76
0,0,84
23,1,100
0,0,107
0,0,113
0,0,117
2,1,97
9,1,73
29,1,101
30,1,101
0,0,111
0,0,119
0,0,118
0,0,106
7,1,113
0,0,130
0,0,137
0,0,138
1,2,136
0,0,134
5,1,135
4,1,141
9,1,125
0,0,116
30,1,112
30,1,113
0,0,109
4,1,117
22,1,98
0,0,89
0,0,86
0,0,97
0,0,107
9,1,115
0,0,114
0,0,110
1,1,112
0,0,111
0,0,106
0,0,102
0,0,104
7,1,122
0,0,123
20,1,109
28,1,106
0,0,85
0,0,75
0,0,91
13,1,99
0,0,103
30,1,118
22,1,106
5,1,100
0,0,94
0,0,92
17,1,105
0,0,81
0,0,70
0,0,72
0,0,76
0,0,74
1,1,80
10,1,103
0,0,104
21,1,112
0,0,127
0,0,136
0,0,141
0,0,137
0,0,133
0,0,129
0,0,111
0,0,108
21,1,105
29,2,97
0,0,95
0,0,96
2,1,88
0,0,84
0,0,87
0,0,89
7,1,101
14,1,100
8,1,77
0,0,73
0,0,72
0,0,74
0,0,82
0,0,93
0,0,98
0,0,90
7,1,62
0,0,59
1,1,64
10,1,76
0,0,71
13,1,91
0,0,103
0,0,92
0,0,66
20,1,77
20,1,81
18,1,87
24,1,63
1,1,67
11,1,63
0,0,61
0,0,65
0,0,72
0,0,70
7,1,67
18,1,85
0,0,79
21,1,79
4,1,99
0,0,106
0,0,107
0,0,104
0,0,97
0,0,91
0,0,83
0,0,88
4,1,99
0,0,103
0,0,113
0,0,125
0,0,131
0,0,117
0,0,98
14,1,125
0,0,137
0,0,142
0,0,133
0,0,128
1,1,125
12,1,122
0,0,121
0,0,123
0,0,130
1,1,126
5,1,118
0,0,114
0,0,112
0,0,111
26,1,104
3,1,112
0,0,95
0,0,84
0,0,93
9,1,120
18,1,120
0,0,117
0,0,116
0,0,109
1,1,117
20,1,106
18,1,113
30,1,116
21,1,98
0,0,105
0,0,107
3,1,86
0,0,81
0,0,87
0,0,92
6,1,114
14,1,106
18,1,104
13,1,108
0,0,115
8,1,98
14,1,70
0,0,69
0,0,73
0,0,75
0,0,79
0,0,88
0,0,97
16,1,102
0,0,99
19,1,124
0,0,135
0,0,134
0,0,128
1,1,132
29,1,107
25,1,103
13,1,95
0,0,90
0,0,86
0,0,87
0,0,93
22,1,85
6,1,92
9,1,100
13,3,83
1,1,82
0,0,78
17,1,107
25,1,90
0,0,68
0,0,58
0,0,60
0,0,63
0,0,75
24,1,83
0,0,69
0,0,76
0,0,98
0,0,116
14,1,83
6,1,65
0,0,66
0,0,71
0,0,81
0,0,84
0,0,77
20,1,65
6,1,68
9,1,65
23,1,68
28,1,72
1,1,79
27,1,84
0,0,80
16,1,81
0,0,92
0,0,99
0,0,97
0,0,90
0,0,85
24,1,102
0,0,108
2,1,95
1,1,104
0,0,119
0,0,126
0,0,122
8,1,113
0,0,120
0,0,129
0,0,130
2,1,122
0,0,116
0,0,115
0,0,112
0,0,111
0,0,110
3,1,116
15,1,125
0,0,121
0,0,118
11,1,113
19,1,105
26,1,110
0,0,109
0,0,86
0,0,80
0,0,99
0,0,123
0,0,127
15,2,125
27,1,108
13,1,116
0,0,119
0,0,106
0,0,95
29,2,101
4,1,97
7,1,110
0,0,103
0,0,89
0,0,85
0,0,83
0,0,98
0,0,111
0,0,117
18,1,109
16,1,111
18,1,110
7,1,96
0,0,80
0,0,70
0,0,64
0,0,66
0,0,69
0,0,76
6,1,90
28,1,100
28,1,102
0,0,108
22,1,122
0,0,119
0,0,118
0,0,120
0,0,129
0,0,107
8,1,104
0,0,103
0,0,95
0,0,88
0,0,82
0,0,81
3,1,101
30,1,96
22,1,104
14,2,110
0,0,106
16,1,100
11,1,97
0,0,94
0,0,99
23,2,89
0,0,69
0,0,62
0,0,64
0,0,72
24,1,89
0,0,85
0,0,75
0,0,76
14,1,115
0,0,114
0,0,105
9,1,66
1,2,75
0,0,79
0,0,80
0,0,74
0,0,73
19,1,70
0,0,65
1,1,67
4,1,75
22,1,78
25,1,90
0,0,95
29,1,79
14,1,78
7,1,87
0,0,88
1,1,85
0,0,106
0,0,116
0,0,109
0,0,100
0,0,91
0,0,92
0,0,104
0,0,117
0,0,122
0,0,121
0,0,110
0,0,107
10,1,115
0,0,119
0,0,125
7,1,113
18,1,105
0,0,108
11,1,113
16,1,117
8,1,110
17,1,112
0,0,111
20,1,111
0,0,114
23,1,85
0,0,79
0,0,97
0,0,120
24,1,110
0,0,122
0,0,132
0,0,128
26,2,115
14,1,102
0,0,92
5,1,96
17,1,90
17,1,105
0,0,104
0,0,93
0,0,86
0,0,88
0,0,98
16,1,116
0,0,123
0,0,124
27,1,126
0,0,125
29,1,105
0,0,100
0,0,82
0,0,70
0,0,69
2,1,71
0,0,75
0,0,77
0,0,79
20,1,100
0,0,92
0,0,91
0,0,108
0,0,115
0,0,109
0,0,103
1,1,104
0,0,113
0,0,121
0,0,99
0,0,94
14,1,85
16,1,89
15,1,92
0,0,95
9,1,100
14,1,111
0,0,114
16,1,112
1,1,113
5,1,114
0,0,106
0,0,101
0,0,96
0,0,97
0,0,102
2,1,86
0,0,75
0,0,73
0,0,82
1,1,85
0,0,83
0,0,77
0,0,64
0,0,61
0,0,72
0,0,87
29,1,97
0,0,91
0,0,84
0,0,78
16,1,76
0,0,80
14,1,82
12,1,66
15,1,58
0,0,60
19,1,72
0,0,79
15,1,87
0,0,92
0,0,94
0,0,96
24,1,68
0,0,59
30,1,73
20,1,87
0,0,90
11,1,92
0,0,98
0,0,104
0,0,107
0,0,109
0,0,111
0,0,118
0,0,120
0,0,116
5,1,112
0,0,115
0,0,117
0,0,122
0,0,128
0,0,131
0,0,132
0,0,125
0,0,113
0,0,102
1,1,108
19,1,108
0,0,106
6,1,99
1,1,102
0,0,103
6,1,113
19,1,120
0,0,92
0,0,78
0,0,88
15,1,109
0,0,111
23,1,133
0,0,129
0,0,116
23,1,112
8,1,97
0,0,89
0,0,98
2,1,83
0,0,86
19,1,98
0,0,96
0,0,87
0,0,82
0,0,85
12,1,106
18,1,123
0,0,126
0,0,130
0,0,140
0,0,144
0,0,132
0,0,113
0,0,102
17,1,89
19,1,97
0,0,101
0,0,99
0,0,93
0,0,90
0,0,95
0,0,105
2,1,86
5,1,93
29,1,92
0,0,83
0,0,80
18,1,108
0,0,84
0,0,82
0,0,78
1,1,84
18,1,94
13,1,94
22,1,99
22,1,118
0,0,127
0,0,129
0,0,130
0,0,125
0,0,124
0,0,121
0,0,115
0,0,111
0,0,103
0,0,97
0,0,95
30,1,91
25,1,81
0,0,85
19,1,100
25,1,91
6,1,70
0,0,65
0,0,69
0,0,76
0,0,87
0,0,89
10,1,104
13,1,93
0,0,88
7,1,91
8,1,79
14,1,60
1,1,61
0,0,66
0,0,77
27,1,93
0,0,97
29,2,97
0,0,86
28,1,59
0,0,62
0,0,72
0,0,83
21,1,97
0,0,103
13,1,93
0,0,94
0,0,96
5,1,112
0,0,122
0,0,125
0,0,117
10,1,103
0,0,109
0,0,121
0,0,123
0,0,115
0,0,113
10,1,128
10,1,94
0,0,102
0,0,111
0,0,110
12,1,106
26,1,102
0,0,101
0,0,105
0,0,107
19,1,111
20,1,124
7,1,82
0,0,86
10,1,111
0,0,125
0,0,131
1,1,128
11,1,115
1,1,110
0,0,98
0,0,88
0,0,95
3,1,93
4,1,87
0,0,92
4,1,93
0,0,91
0,0,90
8,1,106
0,0,119
23,1,126
0,0,133
0,0,143
0,0,149
0,0,141
29,1,113
0,0,102
0,0,100
26,1,118
0,0,128
0,0,131
14,1,121
1,1,130
3,1,104
0,0,86
0,0,81
29,1,99
0,0,97
0,0,87
0,0,92
8,1,78
0,0,80
0,0,84
6,1,89
3,1,81
6,1,86
0,0,94
0,0,101
0,0,112
0,0,124
0,0,139
0,0,149
1,1,145
0,0,134
0,0,119
0,0,107
0,0,114
0,0,115
3,1,103
29,1,92
0,0,85
0,0,82
0,0,88
0,0,96
0,0,102
21,1,92
5,1,85
0,0,83
1,1,86
0,0,90
30,2,103
19,2,91
1,1,94
8,1,84
0,0,72
0,0,71
2,1,74
0,0,77
17,1,92
0,0,98
0,0,100
15,1,95
3,1,96
0,0,82
11,1,75
0,0,78
0,0,87
0,0,93
12,1,104
0,0,102
12,1,90
0,0,88
0,0,89
19,1,108
0,0,113
2,1,102
0,0,94
12,1,118
0,0,119
0,0,106
0,0,105
0,0,120
0,0,133
0,0,127
11,2,103
8,1,106
10,2,105
12,1,108
0,0,111
23,1,112
0,0,109
0,0,115
20,1,100
15,1,109
26,1,129
0,0,130
1,1,129
0,0,126
0,0,123
0,0,121
13,1,103
0,0,94
0,0,95
25,1,106
3,1,92
0,0,93
20,1,106
23,1,105
9,1,118
0,0,128
22,1,126
25,1,136
0,0,140
0,0,138
0,0,127
0,0,124
0,0,113
0,0,109
2,1,125
7,1,142
10,1,134
0,0,133
14,1,134
0,0,117
0,0,97
0,0,86
0,0,88
0,0,99
0,0,108
0,0,110
30,1,101
0,0,79
0,0,81
0,0,84
9,1,84
0,0,74
0,0,69
0,0,75
0,0,96
0,0,116
0,0,121
0,0,123
24,1,139
0,0,143
0,0,146
0,0,142
29,1,117
0,0,104
0,0,111
12,1,110
0,0,107
0,0,106
0,0,98
23,1,83
27,1,83
0,0,91
0,0,92
0,0,87
29,1,87
5,1,94
6,1,92
9,1,90
10,1,95
1,1,91
19,1,91
17,1,81
0,0,74
0,0,77
23,1,82
20,1,88
24,1,96
0,0,98
1,1,92
18,1,96
22,1,87
11,1,84
3,1,88
0,0,93
12,1,97
3,1,90
0,0,89
0,0,85
1,1,86
23,1,87
5,1,78
0,0,80
27,1,94
20,1,83
16,1,110
0,0,112
0,0,108
29,1,92
22,1,100
0,0,101
1,1,100
3,1,103
0,0,105
12,1,111
13,1,112
0,0,115
0,0,114
1,2,112
0,0,121
0,0,119
0,0,120
0,0,123
0,0,126
0,0,124
0,0,122
0,0,117
0,0,106
26,1,93
22,1,109
0,0,107
25,1,103
27,1,108
0,0,110
23,2,121
0,0,131
0,0,132
0,0,125
25,1,123
23,1,128
0,0,127
7,1,126
26,1,121
10,1,137
0,0,142
2,1,133
10,1,125
17,1,118
0,0,106
0,0,92
0,0,89
0,0,99
0,0,111
0,0,116
2,1,99
0,0,82
0,0,80
1,1,76
0,0,72
0,0,71
0,0,74
13,1,113
0,0,134
24,2,130
0,0,126
0,0,120
0,0,119
1,2,112
0,0,105
28,1,105
2,2,102
0,0,98
0,0,92
0,0,84
25,1,74
0,0,79
1,1,74
30,1,83
0,0,87
29,1,86
0,0,82
0,0,81
0,0,78
1,1,82
5,1,80
0,0,77
6,2,75
0,0,70
0,0,71
22,1,78
14,1,82
0,0,85
0,0,88
0,0,92
1,1,90
4,1,88
2,2,85
0,0,83
28,1,83
13,1,89
0,0,86
15,2,93
0,0,87
30,1,67
0,0,62
0,0,64
0,0,66
3,1,58
0,0,61
0,0,60
7,1,63
0,0,68
0,0,73
0,0,80
15,1,89
0,0,91
0,0,95
0,0,97
0,0,99
1,1,98
3,2,102
0,0,111
0,0,114
1,1,124
0,0,123
0,0,116
0,0,109
0,0,104
0,0,96
0,0,106
0,0,110
11,1,115
0,0,120
0,0,122
0,0,118
6,1,101
0,0,90
0,0,84
0,0,93
4,1,108
13,1,103
0,0,97
0,0,95
2,1,104
7,1,114
0,0,119
18,3,112
0,0,117
0,0,121
0,0,126
0,0,136
0,0,135
0,0,128
5,1,123
3,1,132
0,0,130
0,0,124
12,1,118
0,0,120
0,0,115
0,0,102
27,1,99
0,0,107
27,1,105
30,1,107
0,0,82
0,0,76
0,0,69
1,1,74
0,0,78
0,0,91
10,1,120
0,0,131
1,1,126
23,1,108
0,0,97
22,2,106
1,1,104
0,0,94
15,1,91
17,1,92
0,0,93
1,1,89
0,0,84
0,0,77
1,1,76
0,0,73
0,0,71
0,0,75
5,4,71
0,0,68
0,0,70
1,1,68
0,0,67
0,0,65
1,2,63
0,0,62
0,0,59
0,0,61
0,0,69
0,0,72
22,1,73
0,0,79
29,1,88
0,0,86
0,0,80
27,1,79
0,0,81
4,1,79
0,0,78
11,2,83
12,1,91
0,0,92
16,1,74
27,1,51
1,1,57
4,1,65
30,1,60
1,1,62
3,1,61
6,1,68
15,1,86
0,0,89
0,0,95
0,0,98
0,0,101
1,1,102
0,0,103
0,0,107
0,0,111
0,0,114
0,0,117
0,0,123
0,0,128
0,0,115
0,0,97
0,0,94
16,1,89
0,0,93
17,1,104
0,0,108
0,0,116
1,1,109
23,1,92
0,0,83
0,0,76
0,0,79
0,0,88
25,1,110
28,1,92
0,0,85
0,0,86
0,0,90
19,1,93
26,1,107
21,1,103
23,1,110
0,0,117
0,0,124
0,0,134
0,0,129
0,0,118
0,0,112
7,2,121
0,0,125
1,1,126
0,0,131
0,0,130
0,0,122
29,1,108
0,0,119
4,1,113
0,0,102
0,0,106
18,1,76
0,0,78
0,0,85
0,0,89
0,0,92
0,0,93
1,1,91
0,0,98
0,0,107
1,1,106
14,1,102
0,0,101
0,0,99
2,1,103
0,0,100
11,1,91
0,0,88
0,0,87
0,0,84
0,0,82
23,1,88
21,2,89
0,0,79
0,0,73
0,0,72
0,0,69
0,0,68
1,1,67
0,0,66
1,2,65
0,0,60
0,0,57
0,0,55
1,1,59
0,0,62
1,1,63
0,0,61
5,1,61
15,1,69
17,2,72
0,0,77
0,0,81
0,0,82
3,1,76
0,0,78
0,0,80
7,1,75
9,1,78
10,1,81
0,0,84
0,0,85
0,0,83
16,1,74
0,0,67
27,1,55
1,1,57
0,0,58
30,1,63
7,1,57
0,0,56
10,1,64
13,1,62
3,2,75
30,1,84
0,0,90
0,0,96
0,0,102
0,0,108
0,0,114
0,0,117
0,0,116
0,0,115
0,0,112
0,0,88
0,0,79
0,0,87
0,0,101
0,0,92
1,1,100
0,0,105
0,0,109
13,2,107
20,1,90
0,0,83
0,0,72
0,0,69
28,1,97
8,1,103
0,0,98
0,0,93
0,0,94
3,1,99
0,0,85
13,1,98
0,0,102
1,1,107
0,0,112
0,0,114
25,1,123
0,0,125
0,0,120
0,0,111
0,0,106
0,0,108
3,1,115
0,0,116
7,1,129
10,1,121
0,0,119
1,1,118
17,1,116
0,0,113
0,0,109
2,1,93
0,0,91
0,0,96
21,1,118
30,1,90
0,0,82
2,1,101
1,1,102
1,2,97
13,1,95
11,1,84
0,0,83
0,0,77
0,0,75
0,0,78
4,1,86
19,1,92
26,1,91
0,0,94
0,0,81
0,0,72
0,0,70
1,1,68
0,0,69
2,1,66
1,1,65
0,0,67
2,1,64
2,2,66
10,2,60
0,0,58
2,1,62
1,1,66
22,1,72
0,0,75
1,1,77
0,0,79
0,0,80
0,0,81
3,1,79
0,0,78
1,1,77
0,0,76
10,1,78
0,0,84
0,0,86
0,0,83
17,1,67
24,1,58
27,3,61
1,1,63
8,2,58
6,1,62
5,3,59
0,0,64
0,0,71
0,0,72
22,1,79
0,0,87
0,0,97
0,0,109
0,0,108
0,0,101
0,0,98
1,1,92
0,0,86
1,1,92
0,0,93
1,1,95
13,1,105
14,1,107
0,0,96
0,0,84
24,1,66
27,1,66
0,0,73
6,1,97
0,0,104
1,1,100
25,1,101
3,1,86
0,0,80
0,0,87
0,0,90
30,1,98
12,1,111
0,0,121
1,1,128
1,1,121
0,0,119
0,0,112
21,2,108
0,0,118
11,1,115
0,0,113
14,2,120
17,1,116
0,0,103
23,1,110
24,1,101
26,1,117
0,0,124
6,1,91
0,0,87
0,0,95
8,1,98
0,0,97
0,0,100
0,0,102
2,1,94
0,0,86
0,0,80
0,0,78
1,1,74
0,0,72
4,1,86
16,1,97
11,1,91
0,0,92
21,1,82
0,0,75
0,0,73
13,1,76
17,2,76
7,1,74
0,0,70
1,1,71
23,1,78
28,1,79
13,1,66
0,0,62
0,0,63
0,0,64
0,0,65
0,0,69
20,2,79
11,1,78
13,1,81
0,0,82
17,1,82
0,0,84
0,0,85
21,1,77
21,1,75
10,1,83
28,1,73
24,1,60
1,1,64
25,1,69
0,0,67
1,1,65
9,1,62
10,1,59
1,2,57
0,0,58
0,0,61
15,1,65
0,0,68
17,1,75
27,1,91
0,0,96
1,1,92
0,0,88
0,0,93
0,0,97
0,0,89
0,0,82
1,1,89
4,1,87
0,0,90
13,1,100
15,1,86
0,0,72
0,0,62
27,1,61
0,0,66
26,1,74
13,1,95
22,1,90
26,1,99
16,1,85
0,0,77
0,0,81
0,0,84
0,0,88
0,0,91
0,0,101
0,0,110
0,0,121
0,0,127
0,0,126
2,1,127
3,1,118
0,0,106
17,1,108
0,0,116
1,1,105
0,0,104
5,1,108
17,1,115
9,1,93
0,0,87
8,1,102
0,0,107
25,1,119
9,1,104
0,0,95
0,0,96
0,0,97
2,1,91
0,0,90
26,1,109
23,1,97
18,1,82
0,0,84
0,0,85
3,2,88
17,1,98
0,0,99
29,1,89
1,1,93
0,0,83
0,0,77
0,0,78
0,0,81
15,1,85
0,0,86
2,2,87
0,0,79
0,0,72
0,0,75
11,1,85
18,2,83
0,0,80
7,1,69
0,0,71
4,1,83
21,1,79
23,1,87
0,0,84
27,1,80
28,1,82
24,1,91
1,1,89
20,1,79
26,1,77
0,0,73
0,0,74
0,0,70
0,0,64
0,0,63
0,0,67
26,1,74
28,1,73
10,1,71
0,0,68
0,0,66
11,1,60
0,0,59
0,0,57
0,0,56
15,1,65
0,0,62
0,0,61
11,1,73
0,0,81
0,0,84
1,2,89
0,0,92
2,2,91
0,0,83
0,0,76
29,1,79
1,1,81
0,0,85
0,0,88
9,1,88
7,1,69
24,1,61
0,0,66
1,1,65
0,0,70
0,0,77
16,1,73
1,1,79
16,1,96
25,1,77
0,0,82
22,1,91
0,0,93
0,0,98
0,0,103
0,0,115
0,0,128
0,0,123
0,0,119
0,0,120
0,0,122
0,0,116
0,0,109
0,0,107
0,0,110
0,0,113
0,0,108
13,1,98
23,1,88
21,1,94
0,0,95
0,0,90
30,1,94
26,1,102
0,0,121
0,0,124
0,0,112
28,1,99
16,1,95
0,0,92
13,1,92
21,1,101
13,1,97
0,0,93
17,1,93
23,1,95
29,1,99
22,1,100
4,1,88
0,0,84
0,0,85
29,1,81
0,0,77
2,1,82
0,0,83
1,2,84
0,0,87
22,1,82
0,0,75
11,1,80
0,0,89
28,1,89
14,1,77
18,1,73
0,0,78
0,0,90
0,0,92
20,1,82
0,0,86
4,1,90
16,1,81
27,1,85
11,1,96
1,1,93
11,1,79
18,1,71
0,0,67
0,0,66
0,0,64
1,1,65
6,1,75
0,0,76
29,1,77
1,1,73
13,2,65
0,0,61
0,0,60
0,0,58
1,1,63
16,1,65
20,1,69
18,1,80
0,0,81
17,2,88
0,0,94
0,0,90
0,0,93
0,0,91
8,1,70
0,0,68
0,0,72
30,1,82
0,0,86
0,0,85
13,1,85
17,1,66
0,0,56
0,0,54
30,1,56
0,0,57
30,1,74
0,0,78
17,1,67
28,1,84
0,0,89
26,1,89
30,1,94
0,0,97
1,1,96
3,1,107
0,0,120
0,0,114
0,0,108
0,0,109
3,1,113
4,1,106
9,1,107
0,0,99
14,1,96
22,1,79
30,1,88
0,0,95
1,1,90
27,1,66
0,0,81
18,1,120
22,1,104
17,1,94
16,1,97
21,1,98
0,0,93
0,0,86
0,0,89
3,1,99
0,0,102
8,2,102
16,1,102
0,0,101
17,1,85
0,0,77
0,0,72
0,0,74
28,1,82
0,0,79
1,1,75
7,1,71
9,1,78
0,0,84
0,0,87
15,1,82
12,1,85
0,0,88
20,1,79
0,0,68
0,0,67
0,0,73
19,1,89
0,0,93
0,0,92
16,1,84
0,0,91
0,0,94
2,1,84
21,1,90
6,1,92
0,0,95
0,0,96
8,2,80
1,1,73
23,1,65
0,0,63
0,0,62
3,1,73
0,0,78
0,0,77
0,0,75
1,1,74
0,0,71
0,0,68
13,1,66
14,1,62
14,1,66
7,1,70
22,1,75
17,1,78
18,2,72
8,1,88
0,0,97
0,0,94
0,0,95
0,0,91
0,0,80
8,1,68
16,2,83
11,1,88
0,0,89
14,1,81
25,1,59
0,0,55
2,1,57
0,0,61
0,0,71
13,1,87
30,1,74
2,1,87
16,1,95
0,0,93
0,0,90
2,1,101
1,1,94
0,0,91
0,0,96
0,0,111
0,0,105
0,0,97
0,0,99
0,0,104
0,0,109
0,0,107
6,1,104
0,0,102
20,1,94
15,1,90
0,0,85
0,0,84
19,1,106
0,0,110
18,2,53
0,0,68
26,1,99
0,0,98
23,1,97
0,0,92
16,1,103
0,0,108
0,0,101
20,1,83
1,1,91
0,0,100
6,1,98
0,0,95
16,1,98
27,1,90
0,0,81
0,0,72
0,0,63
0,0,60
0,0,66
0,0,74
0,0,84
0,0,85
0,0,79
0,0,71
0,0,62
0,0,61
8,2,83
8,1,90
0,0,89
1,1,90
0,0,88
15,1,72
19,1,69
0,0,77
0,0,87
28,1,86
15,1,84
3,1,91
0,0,94
0,0,93
15,1,91
0,0,92
6,1,89
24,1,91
22,1,83
0,0,81
16,1,79
0,0,74
0,0,70
26,1,62
0,0,65
0,0,73
0,0,78
1,1,76
9,1,71
0,0,68
10,1,66
2,2,65
0,0,67
8,1,71
10,1,75
16,1,79
25,1,76
21,1,71
17,1,89
0,0,98
0,0,92
0,0,95
0,0,93
0,0,81
0,0,72
0,0,70
29,1,78
0,0,86
11,1,86
0,0,87
14,1,87
23,1,71
0,0,69
0,0,74
12,2,83
9,2,76
7,1,81
0,0,90
0,0,94
30,1,85
27,1,85
5,1,98
0,0,95
9,1,92
0,0,100
0,0,102
0,0,97
6,1,100
0,0,106
1,1,105
0,0,104
9,1,88
23,1,77
0,0,78
2,2,85
15,1,105
19,1,92
0,0,67
0,0,68
0,0,74
0,0,72
0,0,79
0,0,87
17,1,82
1,1,99
30,1,100
0,0,93
0,0,94
2,1,97
20,1,94
19,1,89
15,1,85
30,1,73
0,0,65
0,0,58
0,0,54
0,0,55
0,0,61
0,0,69
0,0,84
25,1,79
0,0,70
0,0,57
8,2,74
8,1,89
28,1,93
24,1,91
0,0,90
0,0,80
0,0,72
14,1,76
29,1,91
12,1,79
0,0,75
9,1,89
16,2,94
1,2,90
23,1,86
0,0,85
2,1,84
29,1,86
27,1,87
0,0,83
0,0,77
26,1,64
0,0,66
0,0,71
0,0,78
1,1,79
0,0,74
0,0,69
0,0,65
0,0,63
10,1,67
11,1,67
7,1,78
10,1,71
16,1,72
1,1,74
0,0,75
1,1,72
0,0,68
29,1,91
0,0,88
0,0,92
0,0,90
0,0,82
0,0,73
14,1,80
4,1,90
0,0,94
0,0,85
0,0,81
0,0,84
0,0,86
11,1,79
4,1,95
17,1,89
11,1,95
22,1,76
20,1,79
16,1,86
0,0,87
17,1,78
20,1,88
16,1,95
17,1,91
28,1,99
0,0,96
22,1,95
0,0,102
0,0,104
1,1,101
0,0,98
19,1,71
0,0,63
0,0,67
0,0,72
4,1,72
24,1,91
17,1,91
30,1,78
0,0,64
0,0,61
0,0,66
0,0,74
0,0,73
0,0,69
15,1,82
28,2,101
0,0,105
0,0,107
0,0,102
6,1,87
0,0,83
0,0,80
14,2,63
0,0,59
0,0,55
0,0,52
0,0,50
0,0,51
0,0,58
27,1,77
22,1,79
0,0,71
6,1,53
0,0,60
17,1,86
29,1,92
2,2,90
26,1,77
16,1,80
5,1,94
0,0,93
0,0,85
0,0,78
0,0,74
0,0,81
0,0,89
6,1,93
9,1,94
21,1,88
0,0,84
19,1,84
14,1,87
6,1,93
0,0,99
20,1,89
0,0,82
0,0,75
0,0,67
1,1,71
25,1,81
25,1,76
0,0,69
0,0,64
0,0,62
2,1,67
12,1,68
0,0,73
0,0,79
18,1,82
0,0,77
0,0,74
18,1,71
0,0,72
1,1,74
3,1,77
23,1,83
0,0,90
0,0,93
0,0,85
13,1,73
0,0,80
19,1,97
0,0,98
10,1,77
0,0,78
7,1,77
3,1,86
9,1,92
0,0,89
18,1,96
0,0,88
11,1,73
13,1,79
23,1,85
28,1,84
21,1,87
15,1,92
0,0,91
17,1,90
17,1,92
18,1,91
0,0,99
0,0,100
0,0,98
0,0,94
11,1,81
0,0,69
0,0,67
0,0,72
25,1,78
29,1,73
27,1,100
15,1,90
0,0,82
0,0,65
0,0,61
2,1,63
3,1,56
5,1,70
0,0,77
0,0,83
0,0,93
29,1,99
29,1,87
28,1,75
29,1,64
14,1,53
0,0,51
0,0,50
2,1,53
5,1,56
0,0,60
0,0,68
0,0,71
0,0,74
0,0,76
0,0,62
28,3,84
0,0,90
0,0,89
0,0,91
2,1,82
26,1,74
29,1,89
7,1,90
0,0,83
0,0,80
1,1,83
4,1,85
17,1,93
0,0,95
2,1,89
6,1,84
0,0,86
0,0,88
24,1,93
0,0,94
0,0,96
0,0,100
11,2,87
0,0,79
0,0,72
0,0,69
2,1,79
28,1,86
0,0,78
6,1,61
0,0,60
0,0,64
0,0,68
11,1,69
0,0,77
27,1,104
0,0,121
0,0,120
0,0,113
0,0,99
0,0,80
0,0,65
0,0,62
2,1,73
0,0,74
27,1,76
0,0,91
0,0,97
0,0,88
4,1,75
0,0,81
0,0,83
6,1,96
0,0,79
14,1,72
16,1,69
21,1,70
0,0,82
18,1,72
14,1,85
1,1,78
24,1,83
0,0,86
27,1,86
0,0,92
0,0,89
10,1,80
23,1,79
18,1,83
0,0,84
0,0,90
0,0,88
15,1,87
0,0,96
0,0,97
0,0,93
6,1,81
29,1,76
0,0,77
29,1,97
0,0,98
15,1,85
11,1,108
0,0,110
0,0,70
0,0,64
0,0,60
0,0,68
0,0,72
0,0,62
0,0,50
0,0,51
0,0,65
0,0,71
0,0,69
11,1,74
22,1,83
23,1,82
0,0,75
10,1,58
0,0,55
0,0,52
0,0,49
0,0,48
3,1,55
0,0,56
0,0,54
21,1,54
11,1,67
0,0,79
17,1,71
0,0,61
0,0,60
6,2,88
0,0,92
0,0,93
0,0,90
0,0,81
10,1,73
0,0,86
0,0,94
0,0,91
6,2,75
13,1,91
8,1,86
0,0,89
0,0,96
0,0,97
18,1,88
0,0,85
7,2,94
7,1,96
0,0,95
1,1,98
29,1,89
0,0,87
30,1,74
25,2,80
0,0,84
7,1,77
0,0,66
0,0,60
0,0,59
0,0,64
0,0,70
1,1,72
0,0,82
28,1,147
0,0,184
1,1,173
0,0,139
29,1,58
0,0,42
0,0,51
18,1,67
1,1,74
0,0,90
0,0,99
0,0,92
18,1,76
28,1,79
0,0,86
23,1,70
29,1,67
15,1,60
0,0,56
0,0,57
0,0,65
7,1,64
3,1,69
24,1,66
24,1,88
0,0,98
0,0,94
0,0,81
0,0,75
1,1,71
21,1,60
17,1,70
7,1,78
0,0,89
1,1,84
16,1,97
17,2,87
18,1,74
28,1,65
21,1,91
0,0,99
0,0,86
18,2,91
0,0,92
26,1,63
0,0,62
0,0,69
0,0,73
2,1,61
0,0,55
2,1,64
8,1,63
10,1,61
12,1,64
0,0,70
0,0,71
0,0,66
0,0,60
1,2,56
0,0,51
0,0,50
0,0,54
19,1,57
6,1,55
5,1,60
0,0,68
0,0,82
0,0,83
0,0,76
27,1,60
0,0,74
0,0,87
0,0,97
1,1,86
0,0,73
0,0,69
0,0,84
0,0,91
1,1,80
0,0,78
0,0,81
0,0,85
10,1,85
12,1,90
0,0,89
2,2,89
21,1,87
23,1,89
0,0,93
0,0,95
1,2,94
1,2,92
20,2,82
0,0,79
28,1,80
4,1,88
6,1,70
0,0,59
0,0,60
0,0,64
0,0,75
1,1,63
4,1,118
0,0,197
0,0,235
0,0,222
0,0,173
0,0,112
0,0,72
0,0,52
0,0,49
0,0,47
17,1,62
1,1,76
0,0,97
0,0,98
0,0,93
0,0,86
29,1,71
0,0,74
30,1,75
0,0,69
0,0,81
0,0,58
1,1,62
18,1,53
0,0,55
0,0,60
22,1,60
0,0,67
0,0,68
0,0,77
0,0,91
0,0,102
0,0,99
0,0,94
0,0,78
0,0,64
15,1,58
0,0,51
0,0,57
20,1,62
29,1,81
30,1,82
0,0,83
0,0,89
0,0,98
0,0,97
20,1,81
0,0,70
18,1,61
20,1,64
30,1,72
0,0,76
0,0,77
0,0,87
0,0,85
0,0,75
0,0,71
0,0,68
26,1,68
0,0,84
0,0,90
26,1,64
0,0,53
0,0,55
0,0,58
0,0,60
1,1,57
0,0,56
4,1,67
0,0,73
19,1,69
0,0,70
20,1,59
0,0,52
0,0,49
2,1,56
17,1,56
20,1,54
1,1,60
15,1,87
29,1,68
0,0,63
21,1,89
0,0,99
0,0,97
0,0,85
0,0,74
0,0,76
0,0,90
0,0,95
13,1,75
0,0,79
0,0,91
12,1,85
0,0,84
9,1,92
6,1,88
24,1,88
10,1,91
17,1,90
0,0,93
19,1,96
1,3,97
25,1,90
16,1,89
28,1,85
0,0,83
25,1,89
22,1,74
0,0,59
0,0,60
0,0,61
0,0,76
0,0,80
0,0,68
7,1,157
0,0,231
0,0,255
2,1,160
8,1,52
0,0,48
1,1,43
0,0,55
18,1,61
21,1,97
1,1,92
0,0,88
0,0,82
21,1,75
0,0,84
0,0,79
3,1,94
0,0,72
0,0,66
0,0,67
2,1,61
0,0,73
4,1,57
0,0,56
7,1,74
15,1,100
0,0,104
0,0,93
0,0,86
0,0,70
10,1,53
0,0,58
12,2,67
19,1,70
0,0,71
28,1,79
0,0,85
0,0,91
0,0,96
19,1,96
0,0,90
29,1,61
13,1,64
15,1,56
0,0,52
0,0,63
0,0,80
10,1,88
0,0,77
4,1,69
0,0,60
0,0,66
19,1,112
0,0,101
0,0,74
14,1,50
0,0,55
18,1,57
11,1,63
27,1,80
0,0,84
0,0,83
23,1,78
0,0,72
0,0,62
0,0,53
15,1,52
14,1,59
17,1,54
22,1,54
20,1,67
14,1,85
1,1,77
0,0,82
0,0,93
0,0,101
0,0,96
7,1,82
9,1,89
0,0,90
12,1,83
0,0,87
5,1,87
3,1,91
0,0,94
0,0,92
0,0,88
0,0,86
9,1,94
19,1,95
7,1,92
25,1,94
0,0,97
0,0,98
1,2,99
4,1,95
19,2,91
30,1,87
29,1,90
24,1,75
0,0,57
0,0,60
0,0,58
0,0,66
0,0,72
0,0,73
24,1,165
0,0,215
0,0,237
2,1,148
0,0,74
0,0,45
0,0,44
0,0,43
1,1,53
0,0,56
0,0,62
0,0,77
27,1,89
0,0,84
0,0,81
0,0,82
0,0,78
1,1,86
0,0,83
10,1,91
10,1,95
0,0,85
0,0,76
0,0,99
0,0,119
0,0,96
0,0,66
0,0,54
2,1,72
23,1,88
7,1,86
5,1,62
0,0,55
0,0,58
0,0,68
22,1,81
0,0,73
16,1,61
8,1,68
0,0,82
28,1,94
0,0,100
0,0,104
0,0,111
0,0,106
0,0,84
19,1,61
21,1,63
0,0,57
0,0,52
1,1,64
0,0,76
30,1,86
3,1,66
0,0,56
0,0,70
0,0,99
0,0,116
0,0,105
0,0,78
0,0,54
0,0,49
0,0,53
3,1,59
0,0,65
0,0,77
17,1,91
0,0,92
0,0,90
0,0,89
22,1,78
21,1,55
0,0,50
30,1,57
15,1,55
4,1,50
21,1,56
0,0,58
0,0,69
0,0,88
0,0,93
0,0,87
0,0,85
0,0,97
0,0,100
0,0,94
7,1,88
26,1,88
8,1,84
13,1,91
6,2,92
0,0,96
13,1,90
0,0,86
1,1,91
20,1,97
8,1,95
27,1,92
29,1,97
0,0,98
28,1,100
2,2,96
11,1,94
12,2,89
29,1,92
30,1,74
0,0,57
1,1,51
1,1,50
0,0,48
0,0,55
0,0,102
0,0,140
0,0,158
0,0,153
0,0,109
0,0,61
0,0,46
0,0,49
10,1,44
0,0,53
12,1,65
0,0,82
0,0,84
0,0,83
0,0,78
0,0,76
0,0,77
5,1,78
0,0,69
0,0,67
0,0,72
8,1,94
0,0,105
23,1,114
26,1,184
0,0,139
17,1,57
29,1,69
0,0,68
0,0,71
0,0,75
18,1,59
0,0,52
0,0,56
0,0,65
6,1,91
0,0,96
2,1,84
12,1,64
8,1,74
0,0,89
0,0,98
0,0,97
0,0,100
0,0,105
1,1,86
10,1,66
25,1,67
24,1,48
0,0,46
26,1,64
0,0,73
26,1,58
8,1,61
22,1,92
0,0,99
0,0,95
0,0,79
0,0,63
0,0,56
17,1,57
19,1,70
0,0,87
0,0,96
0,0,98
0,0,94
14,1,91
3,1,87
0,0,71
23,1,50
29,1,56
27,1,55
0,0,51
0,0,47
7,1,53
8,1,62
0,0,84
21,1,88
0,0,80
0,0,95
0,0,101
23,1,86
24,1,96
3,1,80
0,0,85
9,1,92
0,0,89
8,1,94
0,0,93
11,1,87
21,1,87
6,1,101
0,0,97
9,1,95
11,2,94
30,1,99
1,1,98
1,1,100
12,1,96
26,1,95
23,1,92
27,1,89
0,0,82
0,0,67
0,0,46
0,0,48
0,0,50
0,0,49
0,0,51
5,1,40
0,0,52
0,0,63
0,0,72
0,0,81
0,0,65
0,0,42
13,1,54
8,1,48
0,0,53
0,0,57
0,0,69
23,1,81
0,0,77
14,1,68
16,1,83
18,1,66
0,0,73
4,1,90
0,0,91
0,0,106
0,0,134
0,0,169
0,0,209
0,0,224
0,0,181
0,0,119
16,1,63
0,0,71
15,1,65
0,0,67
18,1,61
0,0,62
0,0,70
0,0,78
1,1,93
0,0,97
0,0,100
0,0,105
0,0,88
0,0,81
17,1,63
0,0,85
0,0,95
0,0,89
3,1,81
0,0,82
0,0,74
0,0,64
0,0,73
19,1,69
0,0,60
0,0,54
1,1,55
0,0,56
4,1,52
0,0,59
0,0,62
13,1,72
17,1,89
28,2,68
0,0,61
17,1,58
11,1,73
0,0,92
0,0,101
0,0,99
0,0,96
0,0,93
1,1,97
0,0,91
0,0,75
22,1,53
1,1,56
16,1,55
0,0,51
0,0,47
0,0,50
4,2,58
0,0,78
0,0,89
0,0,82
25,1,86
20,1,94
3,1,91
0,0,95
0,0,88
0,0,84
11,1,97
5,1,95
7,1,93
0,0,90
0,0,87
0,0,85
17,1,89
0,0,96
0,0,101
2,1,94
4,1,96
20,1,97
0,0,99
0,0,100
0,0,98
20,2,96
21,2,93
23,1,91
24,1,86
0,0,84
0,0,80
0,0,64
0,0,42
0,0,41
0,0,43
0,0,46
0,0,51
0,0,53
0,0,47
1,1,39
0,0,44
0,0,55
0,0,49
0,0,38
11,1,50
11,1,48
0,0,54
0,0,61
0,0,77
29,1,83
3,1,71
0,0,65
0,0,67
0,0,78
28,1,62
6,1,83
0,0,92
0,0,87
0,0,105
0,0,155
0,0,207
0,0,227
0,0,236
0,0,204
0,0,139
0,0,80
0,0,72
0,0,89
0,0,90
0,0,85
5,1,77
0,0,73
29,1,83
0,0,84
29,1,85
9,1,98
0,0,107
25,1,84
0,0,64
0,0,62
0,0,76
12,1,77
0,0,68
0,0,61
1,1,62
0,0,65
0,0,70
1,1,64
0,0,59
1,2,60
0,0,57
0,0,54
0,0,50
18,1,72
21,1,68
0,0,82
0,0,94
0,0,91
0,0,80
0,0,71
0,0,67
29,1,59
23,1,77
0,0,92
0,0,100
1,1,97
0,0,95
1,1,100
0,0,96
15,1,67
0,0,56
27,1,57
3,2,50
0,0,47
0,0,51
8,1,53
0,0,55
0,0,70
0,0,78
29,1,64
0,0,74
26,1,93
0,0,88
0,0,91
26,1,90
0,0,89
0,0,94
28,1,97
0,0,99
0,0,98
5,1,89
0,0,83
0,0,84
0,0,87
10,1,98
8,2,95
11,1,100
13,1,97
18,1,104
20,1,92
24,1,90
27,2,89
2,2,87
0,0,82
0,0,77
1,1,68
0,0,50
0,0,49
0,0,46
0,0,42
1,1,47
5,2,41
7,1,51
0,0,45
0,0,38
5,2,44
1,1,54
0,0,67
0,0,85
0,0,97
26,1,79
0,0,69
0,0,63
0,0,61
0,0,72
0,0,57
4,1,72
0,0,80
0,0,100
0,0,95
0,0,113
0,0,171
0,0,218
0,0,225
0,0,229
0,0,201
0,0,139
21,1,87
0,0,114
0,0,120
0,0,109
25,2,78
0,0,83
0,0,90
0,0,88
0,0,77
0,0,75
0,0,74
13,1,102
0,0,94
9,1,69
1,1,71
3,1,66
0,0,60
0,0,54
1,1,60
0,0,68
0,0,63
0,0,58
0,0,59
3,1,64
10,1,56
1,1,61
0,0,65
29,1,78
4,1,62
28,1,99
0,0,96
0,0,79
19,1,66
20,1,62
29,1,79
14,1,97
0,0,100
12,1,100
0,0,98
4,1,97
0,0,84
0,0,71
26,1,56
30,1,55
0,0,54
0,0,52
0,0,50
2,1,56
5,1,56
0,0,65
0,0,67
27,1,57
4,1,86
0,0,94
0,0,91
0,0,92
0,0,95
4,1,95
26,1,99
28,1,100
1,1,93
0,0,88
0,0,83
0,0,84
14,1,96
11,1,95
17,2,100
0,0,102
16,1,98
18,1,102
20,1,91
0,0,87
18,1,89
20,1,88
2,2,86
0,0,78
0,0,71
0,0,70
0,0,68
0,0,63
0,0,64
0,0,59
0,0,48
0,0,39
0,0,36
2,1,41
0,0,44
0,0,46
0,0,47
0,0,45
0,0,43
5,1,42
8,2,52
0,0,74
0,0,90
0,0,94
0,0,89
26,1,68
24,1,63
26,1,58
0,0,69
11,1,82
0,0,102
0,0,106
0,0,120
0,0,159
0,0,196
0,0,184
0,0,197
0,0,170
0,0,128
0,0,93
10,1,129
0,0,133
0,0,126
0,0,112
0,0,88
0,0,75
26,1,84
0,0,86
0,0,79
0,0,70
0,0,71
5,1,100
0,0,98
0,0,89
0,0,85
8,1,71
0,0,65
0,0,59
1,1,58
0,0,61
5,1,71
0,0,62
7,1,64
0,0,68
1,1,60
0,0,50
0,0,51
0,0,66
28,1,82
0,0,74
18,1,62
0,0,78
0,0,92
30,1,72
18,1,63
20,1,67
0,0,75
14,1,89
0,0,94
0,0,98
0,0,102
0,0,103
0,0,99
0,0,101
2,1,86
0,0,76
0,0,65
0,0,57
0,0,55
0,0,54
0,0,52
0,0,53
1,2,54
0,0,56
0,0,59
0,0,61
28,1,60
13,1,59
17,1,91
27,1,92
3,1,93
4,1,93
3,1,97
0,0,100
30,1,97
8,1,89
14,1,95
0,0,98
9,1,92
6,1,95
11,1,99
22,1,94
0,0,96
16,1,98
0,0,88
0,0,85
0,0,86
1,3,87
1,1,85
0,0,78
0,0,68
0,0,59
0,0,61
0,0,71
1,2,64
0,0,51
0,0,42
0,0,44
0,0,47
3,1,37
0,0,38
0,0,40
0,0,45
6,1,44
10,2,54
0,0,79
0,0,92
0,0,90
0,0,91
0,0,77
0,0,66
1,2,59
4,2,70
0,0,82
12,1,98
0,0,93
0,0,107
0,0,119
0,0,113
0,0,123
1,1,115
0,0,106
0,0,117
0,0,127
1,1,130
0,0,126
0,0,102
0,0,89
0,0,74
0,0,79
3,1,91
4,1,72
0,0,85
0,0,101
0,0,112
0,0,108
26,1,92
0,0,88
12,1,66
0,0,59
0,0,63
3,1,71
15,2,70
17,1,72
0,0,69
0,0,58
0,0,50
1,1,66
17,1,60
0,0,61
0,0,62
0,0,64
0,0,67
14,1,66
4,1,62
23,1,67
21,1,82
14,1,88
0,0,93
0,0,99
0,0,103
0,0,104
0,0,100
0,0,101
5,1,89
0,0,79
20,1,60
0,0,54
0,0,53
1,1,54
0,0,56
5,2,55
0,0,61
0,0,59
1,2,60
0,0,57
0,0,69
0,0,86
27,1,90
0,0,87
0,0,91
4,2,88
0,0,95
29,1,99
2,1,97
5,1,94
0,0,96
0,0,98
2,1,90
17,1,93
6,1,95
0,0,89
1,1,93
11,1,93
28,1,84
0,0,85
28,1,87
5,1,87
4,1,85
0,0,77
0,0,66
0,0,59
0,0,61
0,0,67
0,0,65
0,0,68
2,1,55
0,0,44
0,0,41
2,1,46
4,2,41
7,1,44
0,0,40
1,1,47
0,0,58
30,1,94
28,1,89
0,0,74
22,1,65
23,1,61
0,0,70
28,1,77
0,0,100
0,0,102
0,0,104
0,0,87
0,0,82
0,0,95
0,0,103
0,0,111
1,1,114
0,0,121
0,0,129
2,1,122
0,0,135
0,0,146
0,0,136
7,1,86
27,1,93
0,0,99
0,0,73
0,0,71
20,1,100
0,0,120
0,0,116
28,1,96
24,1,96
0,0,72
0,0,59
0,0,57
0,0,67
17,1,73
0,0,79
1,1,72
0,0,69
1,1,62
0,0,55
0,0,53
0,0,68
29,1,65
0,0,64
7,1,59
0,0,60
0,0,63
1,1,60
13,1,67
0,0,71
0,0,76
0,0,82
14,1,88
0,0,94
0,0,100
0,0,106
1,1,102
0,0,103
0,0,99
0,0,91
0,0,80
26,1,62
0,0,58
0,0,57
1,1,55
27,1,56
0,0,52
0,0,50
5,1,58
28,1,64
30,1,56
0,0,66
0,0,75
0,0,81
0,0,83
2,1,88
0,0,92
0,0,89
0,0,87
0,0,90
0,0,96
30,1,99
2,1,98
0,0,97
1,1,96
0,0,93
13,1,92
15,1,91
16,1,86
1,1,87
19,1,86
0,0,85
27,1,84
0,0,82
1,1,84
26,1,89
8,1,74
0,0,67
0,0,61
1,1,64
0,0,66
1,1,68
0,0,62
0,0,55
0,0,46
0,0,40
1,1,43
1,3,40
7,1,44
0,0,54
13,1,82
24,1,80
27,1,71
22,1,70
0,0,75
0,0,63
0,0,65
0,0,67
9,1,95
0,0,105
0,0,106
0,0,91
0,0,84
0,0,86
0,0,97
0,0,99
0,0,100
0,0,103
0,0,118
0,0,138
0,0,140
0,0,131
0,0,136
0,0,147
1,1,139
0,0,109
16,1,90
14,1,71
0,0,72
0,0,78
21,1,111
20,1,95
0,0,101
0,0,108
0,0,98
26,1,81
0,0,79
30,1,79
3,1,82
5,1,74
17,1,75
0,0,77
0,0,69
0,0,63
6,1,86
0,0,76
5,1,59
0,0,56
0,0,61
0,0,64
9,1,60
0,0,62
0,0,67
0,0,71
11,1,82
26,1,89
0,0,95
0,0,104
0,0,109
0,0,107
0,0,103
0,0,102
0,0,100
0,0,94
0,0,85
26,1,66
24,1,57
25,1,54
3,2,52
0,0,50
0,0,53
28,1,64
1,1,60
0,0,55
14,1,66
0,0,71
0,0,73
0,0,77
0,0,84
0,0,89
0,0,88
25,1,89
0,0,97
30,1,100
2,1,98
5,1,96
0,0,95
0,0,93
0,0,92
1,1,90
0,0,87
15,1,84
20,1,82
1,1,83
0,0,81
4,2,80
0,0,79
6,1,87
14,1,82
0,0,71
0,0,63
0,0,56
1,1,60
0,0,64
0,0,68
0,0,72
1,1,65
0,0,54
0,0,40
0,0,38
2,1,44
0,0,43
0,0,42
0,0,39
0,0,41
0,0,48
0,0,59
14,1,83
27,1,81
0,0,86
0,0,74
0,0,67
0,0,70
0,0,73
25,2,73
0,0,80
0,0,91
0,0,106
0,0,110
0,0,100
4,1,90
0,0,95
0,0,97
0,0,94
2,1,110
0,0,130
0,0,143
0,0,139
0,0,135
0,0,140
0,0,147
0,0,142
0,0,129
0,0,109
0,0,99
0,0,105
0,0,78
0,0,72
0,0,67
28,1,94
0,0,84
28,1,105
28,1,96
0,0,113
13,1,98
25,1,95
17,1,92
0,0,82
18,1,80
0,0,74
2,1,83
0,0,81
0,0,90
0,0,87
0,0,75
0,0,70
0,0,61
0,0,59
0,0,63
0,0,64
2,1,60
6,1,66
9,1,75
15,1,85
0,0,89
27,1,104
0,0,108
0,0,107
0,0,105
0,0,102
0,0,100
7,1,91
29,1,71
22,1,58
0,0,54
0,0,51
0,0,53
3,1,54
0,0,56
0,0,59
28,2,60
0,0,57
6,1,57
0,0,62
0,0,65
1,1,67
0,0,75
22,1,81
0,0,83
0,0,88
0,0,93
0,0,94
1,1,95
1,2,94
6,1,93
0,0,92
11,1,84
16,1,80
0,0,79
19,1,83
6,1,83
21,1,81
1,2,82
26,1,82
12,1,73
0,0,66
0,0,61
0,0,54
0,0,52
0,0,57
4,1,69
0,0,75
10,2,59
0,0,42
1,1,43
1,1,42
0,0,39
0,0,38
0,0,40
16,1,69
26,1,87
1,2,86
0,0,78
0,0,71
0,0,64
29,1,69
22,1,77
12,1,89
0,0,104
0,0,118
0,0,114
3,1,98
5,1,107
0,0,100
0,0,94
0,0,99
0,0,111
0,0,125
0,0,131
0,0,132
1,1,136
1,1,131
0,0,126
8,1,126
14,1,81
30,1,62
27,1,82
0,0,90
21,1,104
23,1,109
27,2,115
0,0,118
0,0,124
0,0,110
0,0,97
0,0,96
0,0,89
0,0,67
0,0,72
0,0,86
0,0,95
24,1,86
0,0,71
0,0,68
0,0,61
0,0,59
27,1,63
1,1,60
6,1,66
10,1,76
0,0,82
17,1,90
23,1,103
0,0,107
1,1,105
0,0,98
24,1,97
8,1,91
0,0,83
0,0,72
22,1,54
0,0,50
0,0,51
0,0,52
0,0,56
30,1,59
28,2,60
5,1,58
0,0,57
5,1,62
8,1,60
0,0,66
20,1,74
0,0,77
0,0,82
0,0,86
0,0,87
0,0,88
0,0,89
30,1,91
0,0,92
1,1,91
0,0,90
0,0,81
13,1,76
1,1,78
0,0,79
17,1,83
1,2,81
1,2,82
7,1,82
14,1,70
0,0,63
0,0,58
0,0,55
0,0,53
0,0,57
4,1,66
0,0,74
26,1,78
0,0,65
0,0,51
0,0,45
0,0,44
0,0,43
0,0,42
0,0,40
0,0,41
0,0,48
0,0,62
28,1,97
0,0,92
0,0,91
1,1,83
29,1,74
0,0,67
0,0,64
0,0,73
0,0,71
0,0,76
0,0,79
8,1,99
0,0,120
0,0,122
0,0,112
0,0,108
0,0,113
0,0,118
0,0,106
21,1,89
0,0,90
7,1,122
0,0,130
0,0,128
0,0,125
0,0,133
0,0,135
0,0,136
0,0,139
0,0,140
0,0,123
0,0,98
0,0,77
29,1,79
0,0,83
19,1,98
0,0,100
0,0,102
0,0,107
25,1,109
0,0,112
0,0,117
0,0,126
0,0,114
4,2,108
0,0,71
0,0,64
19,1,84
0,0,91
0,0,75
0,0,68
0,0,63
0,0,61
0,0,59
2,1,62
1,1,61
13,1,66
0,0,72
0,0,78
15,1,88
0,0,92
0,0,98
0,0,102
0,0,105
1,1,103
0,0,96
7,1,95
0,0,100
1,1,96
0,0,86
28,1,65
0,0,57
0,0,51
0,0,50
0,0,53
0,0,56
0,0,58
0,0,59
29,1,62
0,0,63
1,1,62
0,0,64
1,1,60
11,1,61
18,1,65
0,0,66
0,0,71
0,0,74
0,0,77
0,0,80
0,0,83
0,0,85
29,1,88
1,1,89
4,1,77
11,1,74
13,2,78
14,1,81
15,1,82
1,5,83
11,1,74
0,0,64
0,0,58
0,0,56
1,1,55
3,1,59
0,0,66
0,0,72
26,1,69
0,0,61
0,0,49
0,0,43
0,0,42
1,1,43
0,0,46
16,1,72
0,0,94
0,0,108
0,0,137
0,0,157
0,0,143
0,0,107
0,0,88
0,0,75
18,1,71
4,1,77
5,1,77
0,0,78
15,1,111
0,0,118
1,1,119
0,0,125
0,0,127
0,0,105
0,0,91
0,0,90
0,0,82
0,0,93
0,0,114
8,1,125
0,0,121
0,0,130
0,0,131
0,0,133
0,0,140
0,0,141
0,0,139
0,0,123
0,0,107
0,0,102
0,0,96
1,1,100
3,1,97
0,0,106
1,1,111
0,0,110
0,0,103
0,0,109
24,1,101
0,0,98
4,1,106
0,0,76
0,0,64
0,0,65
0,0,74
0,0,88
0,0,84
4,1,62
1,1,60
3,1,63
11,1,64
0,0,67
0,0,69
0,0,75
0,0,79
13,1,88
0,0,93
0,0,96
25,1,99
1,1,100
0,0,94
1,1,96
7,1,100
6,1,95
29,1,76
0,0,68
0,0,57
0,0,52
0,0,51
2,1,54
5,1,61
0,0,62
0,0,63
1,1,64
0,0,67
1,1,63
0,0,59
8,1,62
0,0,60
4,1,64
21,1,70
0,0,74
25,1,80
0,0,81
0,0,83
1,3,78
0,0,75
1,2,77
5,1,79
13,2,79
2,2,78
13,1,80
19,1,82
13,1,69
0,0,60
0,0,56
1,1,55
1,2,58
0,0,65
0,0,67
1,1,61
0,0,49
0,0,43
1,2,44
0,0,47
0,0,57
0,0,72
0,0,89
0,0,104
0,0,122
0,0,138
0,0,133
0,0,103
0,0,81
8,1,75
0,0,88
9,1,89
6,1,79
1,1,88
0,0,100
0,0,105
0,0,115
0,0,125
0,0,132
0,0,130
0,0,106
0,0,96
1,1,88
17,1,106
0,0,123
0,0,127
0,0,124
10,1,125
12,1,139
0,0,138
0,0,149
0,0,136
8,1,121
30,1,106
2,1,99
21,1,103
0,0,101
0,0,110
0,0,109
9,1,112
0,0,114
0,0,105
10,1,97
0,0,94
0,0,75
0,0,70
0,0,67
1,1,85
0,0,92
0,0,64
0,0,63
1,1,64
0,0,66
1,1,67
0,0,68
0,0,69
0,0,72
0,0,77
0,0,78
0,0,83
0,0,88
15,1,95
23,1,93
25,1,94
4,2,90
0,0,87
11,1,89
3,1,85
0,0,80
19,1,68
0,0,62
0,0,57
0,0,53
1,1,56
0,0,61
6,1,62
0,0,60
0,0,63
0,0,67
0,0,69
0,0,65
13,1,64
1,1,62
0,0,58
18,1,65
6,1,69
0,0,73
0,0,75
26,1,81
1,1,78
1,3,77
8,1,78
0,0,79
0,0,80
2,1,79
11,2,76
19,1,73
19,1,84
0,0,85
0,0,82
0,0,71
30,1,58
0,0,59
0,0,60
0,0,61
4,2,61
5,1,59
0,0,54
0,0,45
0,0,43
2,1,45
0,0,46
0,0,49
7,1,65
30,1,87
0,0,92
0,0,107
0,0,118
0,0,106
5,1,78
0,0,86
0,0,100
0,0,116
0,0,97
0,0,85
0,0,83
0,0,84
0,0,88
15,1,91
0,0,104
0,0,123
0,0,130
0,0,124
0,0,103
0,0,99
19,1,98
0,0,95
22,1,122
0,0,129
10,1,132
11,1,128
0,0,140
0,0,139
0,0,148
0,0,137
0,0,125
0,0,120
18,1,109
0,0,107
0,0,102
0,0,97
0,0,100
0,0,88
22,1,102
0,0,101
0,0,117
0,0,118
0,0,121
0,0,116
11,1,94
0,0,82
0,0,80
0,0,72
0,0,64
0,0,86
19,1,64
4,1,65
0,0,67
1,2,68
0,0,69
0,0,73
0,0,74
0,0,75
0,0,77
0,0,78
0,0,83
0,0,87
0,0,90
0,0,88
3,1,87
4,1,92
0,0,91
0,0,84
0,0,79
14,1,72
0,0,71
18,1,76
18,1,74
24,1,63
0,0,59
0,0,55
1,1,60
0,0,61
0,0,62
3,1,62
0,0,65
0,0,68
0,0,64
6,1,64
5,1,63
11,1,65
0,0,66
1,1,68
28,1,76
0,0,79
1,2,78
1,1,79
4,3,78
10,1,80
10,2,77
16,1,73
0,0,71
0,0,70
5,1,84
0,0,87
0,0,83
7,1,66
0,0,62
0,0,63
30,1,70
5,1,64
6,1,60
0,0,56
0,0,51
0,0,46
0,0,44
2,1,46
4,1,47
0,0,50
0,0,57
17,1,69
30,1,95
0,0,112
0,0,110
0,0,92
30,1,88
0,0,104
0,0,111
0,0,105
0,0,93
0,0,90
8,1,90
0,0,85
0,0,86
0,0,100
0,0,117
0,0,124
2,1,107
0,0,109
0,0,113
20,1,106
17,1,122
0,0,130
0,0,133
1,1,125
0,0,129
0,0,141
0,0,137
0,0,144
0,0,132
0,0,118
0,0,108
0,0,94
0,0,104
20,1,103
0,0,95
0,0,93
0,0,77
0,0,79
0,0,88
0,0,97
0,0,115
13,1,133
20,1,115
0,0,113
0,0,101
12,2,72
0,0,100
0,0,126
0,0,64
0,0,65
0,0,68
0,0,70
2,1,67
1,1,68
5,1,71
7,1,70
0,0,73
0,0,78
0,0,82
0,0,85
2,1,80
4,1,86
0,0,89
0,0,88
0,0,84
0,0,81
21,1,62
0,0,56
0,0,57
3,1,68
19,2,70
0,0,66
9,1,60
1,1,59
0,0,61
0,0,63
15,1,65
9,3,64
13,1,65
9,1,67
1,1,69
21,1,75
0,0,79
0,0,80
0,0,81
2,1,80
5,1,79
2,4,80
8,2,75
0,0,74
0,0,72
0,0,71
1,1,74
19,1,85
0,0,87
2,1,77
8,2,73
11,1,70
0,0,69
0,0,66
0,0,63
0,0,60
0,0,53
0,0,47
0,0,45
0,0,46
1,1,47
5,1,46
7,1,48
0,0,52
0,0,55
13,1,69
0,0,76
0,0,79
0,0,68
22,1,90
0,0,112
0,0,120
0,0,125
0,0,109
0,0,101
0,0,98
1,1,97
4,1,111
0,0,122
0,0,128
0,0,123
12,1,118
0,0,116
0,0,117
16,1,123
17,1,129
0,0,135
1,1,126
0,0,131
0,0,139
0,0,136
2,2,125
0,0,110
0,0,88
0,0,91
0,0,95
29,1,99
0,0,92
0,0,72
0,0,66
0,0,77
4,1,112
0,0,121
20,1,128
0,0,130
0,0,132
0,0,116
0,0,108
14,1,102
0,0,127
0,0,145
0,0,64
0,0,65
0,0,67
0,0,69
2,1,66
0,0,63
6,1,64
8,1,65
10,2,72
0,0,79
0,0,81
2,1,75
0,0,78
4,1,87
0,0,90
0,0,93
0,0,89
0,0,82
0,0,68
0,0,55
0,0,51
0,0,53
0,0,58
27,1,73
1,1,71
9,1,64
0,0,60
1,1,63
27,1,64
30,1,65
0,0,61
15,1,61
11,1,63
10,2,69
0,0,72
0,0,75
0,0,78
30,1,84
1,1,83
4,1,81
0,0,79
1,4,80
1,1,79
0,0,76
17,1,72
0,0,73
4,1,79
19,1,88
0,0,86
22,1,79
27,1,76
13,1,72
0,0,65
0,0,60
0,0,59
0,0,58
0,0,56
0,0,50
0,0,43
0,0,44
0,0,45
0,0,46
0,0,47
1,1,46
1,2,52
1,1,57
14,1,58
24,1,83
0,0,101
0,0,122
0,0,132
0,0,115
0,0,110
0,0,117
0,0,113
0,0,106
0,0,111
0,0,119
0,0,121
0,0,127
0,0,134
0,0,140
0,0,136
13,1,122
0,0,114
8,1,130
0,0,128
0,0,126
2,1,133
22,1,128
0,0,129
25,1,130
15,1,147
0,0,143
22,1,91
0,0,84
0,0,85
0,0,94
0,0,102
0,0,99
0,0,78
0,0,70
0,0,80
0,0,101
22,1,134
0,0,138
0,0,144
0,0,148
2,1,120
0,0,119
0,0,124
0,0,125
29,1,125
0,0,65
0,0,64
1,2,67
5,1,62
0,0,61
0,0,63
0,0,68
0,0,71
26,1,66
3,1,78
0,0,79
0,0,77
2,1,86
0,0,90
1,1,96
0,0,102
0,0,97
5,1,84
0,0,75
18,1,62
0,0,51
0,0,59
27,1,67
22,1,72
25,1,66
29,1,67
5,2,70
29,1,69
8,1,66
19,1,66
2,2,72
0,0,74
0,0,76
0,0,77
0,0,81
0,0,82
1,1,81
0,0,79
6,1,80
6,1,77
10,1,82
0,0,83
8,1,76
1,2,82
6,1,84
1,1,88
0,0,90
1,1,88
13,1,78
30,1,69
0,0,65
0,0,62
0,0,60
1,2,56
0,0,52
0,0,44
0,0,41
2,1,46
0,0,47
0,0,48
2,1,44
0,0,45
6,1,50
12,1,51
0,0,57
0,0,91
0,0,126
0,0,140
0,0,144
0,0,136
0,0,124
0,0,111
0,0,121
0,0,127
0,0,128
0,0,139
0,0,141
2,2,144
0,0,138
0,0,143
15,1,135
0,0,131
2,1,129
18,1,139
0,0,133
15,1,135
8,1,129
8,1,130
0,0,142
0,0,150
18,1,110
0,0,82
0,0,78
0,0,83
0,0,93
5,1,110
0,0,94
0,0,88
0,0,98
0,0,117
27,1,138
0,0,149
16,1,142
0,0,141
0,0,137
1,1,134
26,1,126
0,0,127
0,0,65
0,0,64
0,0,63
1,1,65
0,0,62
0,0,59
1,1,63
0,0,69
0,0,77
0,0,78
0,0,74
3,1,75
6,1,71
0,0,76
0,0,86
0,0,96
0,0,111
24,1,131
0,0,118
0,0,112
0,0,115
6,1,102
0,0,94
18,1,66
0,0,61
1,1,64
0,0,73
22,2,72
0,0,68
30,1,64
8,1,66
5,2,71
9,1,73
14,1,71
16,1,74
16,1,76
0,0,79
0,0,80
0,0,81
2,1,78
24,2,73
11,1,76
8,1,84
0,0,82
12,1,80
0,0,83
0,0,91
0,0,92
0,0,90
0,0,88
0,0,89
3,1,91
3,1,83
21,1,70
0,0,65
0,0,61
0,0,58
0,0,59
1,1,57
0,0,54
0,0,48
0,0,45
0,0,44
2,1,46
1,1,45
3,2,49
0,0,51
12,1,50
0,0,53
22,1,116
0,0,152
0,0,153
0,0,142
0,0,137
0,0,134
0,0,122
0,0,128
4,1,144
0,0,155
0,0,151
0,0,149
0,0,150
2,1,139
0,0,140
14,1,145
0,0,147
2,1,129
7,1,142
19,1,138
21,1,128
0,0,127
0,0,132
15,1,150
19,1,133
0,0,107
0,0,90
0,0,94
0,0,95
0,0,105
0,0,121
0,0,123
0,0,114
0,0,108
0,0,117
15,1,142
0,0,143
0,0,151
17,1,140
27,1,149
0,0,148
23,1,132
0,0,129
30,1,64
0,0,63
0,0,62
1,1,63
0,0,58
0,0,57
2,1,62
0,0,71
0,0,81
0,0,85
0,0,83
3,1,63
0,0,53
0,0,55
0,0,68
0,0,78
0,0,98
28,1,172
0,0,173
0,0,151
0,0,141
0,0,146
1,1,142
4,1,129
0,0,94
0,0,73
0,0,70
0,0,64
17,1,72
0,0,75
0,0,69
30,1,55
25,2,57
0,0,61
0,0,65
11,2,72
0,0,76
0,0,74
19,1,72
21,1,73
5,1,76
0,0,77
1,2,74
0,0,66
1,1,68
13,1,80
0,0,84
0,0,83
3,1,80
3,1,91
0,0,97
0,0,93
0,0,92
4,1,90
1,1,85
14,1,77
26,1,68
0,0,62
0,0,56
0,0,55
2,1,53
0,0,46
0,0,42
2,1,50
5,1,47
0,0,44
0,0,41
6,2,52
0,0,58
16,1,51
0,0,61
29,1,133
0,0,153
0,0,147
0,0,140
0,0,139
0,0,143
0,0,132
0,0,136
0,0,142
0,0,146
0,0,156
0,0,155
11,1,154
1,1,139
0,0,135
0,0,144
0,0,148
0,0,150
0,0,151
0,0,137
19,1,138
0,0,131
1,1,128
0,0,121
0,0,126
13,1,145
13,2,135
0,0,119
0,0,114
0,0,124
0,0,122
11,1,134
17,1,133
0,0,127
2,1,142
25,1,154
1,1,150
0,0,143
6,1,147
6,1,152
3,1,141
0,0,136
0,0,63
0,0,62
0,0,61
1,1,60
0,0,58
0,0,57
2,1,65
0,0,72
0,0,81
0,0,83
0,0,80
4,1,49
0,0,48
15,1,74
0,0,79
0,0,104
0,0,160
0,0,190
0,0,186
0,0,164
29,1,159
0,0,162
0,0,163
2,1,155
0,0,144
0,0,125
0,0,103
15,1,63
30,1,55
0,0,56
3,1,57
6,1,64
1,1,66
0,0,67
0,0,68
2,1,67
2,2,68
7,1,66
10,3,71
1,3,74
1,1,75
1,1,74
0,0,73
22,1,64
28,1,67
0,0,86
0,0,94
0,0,93
0,0,92
0,0,89
0,0,87
0,0,85
0,0,83
0,0,80
0,0,79
0,0,78
0,0,72
14,1,59
0,0,62
0,0,61
0,0,55
0,0,46
0,0,43
0,0,47
0,0,49
1,1,45
0,0,44
5,2,51
0,0,52
1,1,50
0,0,56
0,0,76
0,0,108
0,0,139
0,0,146
0,0,135
0,0,132
0,0,142
0,0,147
0,0,134
7,2,147
0,0,157
0,0,154
1,1,158
0,0,156
0,0,137
0,0,131
0,0,138
0,0,144
14,1,148
6,1,139
21,1,128
1,1,127
0,0,122
0,0,126
12,4,143
19,1,136
3,1,141
0,0,140
0,0,145
20,1,147
23,1,150
0,0,154
0,0,157
0,0,160
0,0,158
0,0,153
0,0,146
13,1,145
0,0,151
6,1,158
0,0,152
17,1,63
0,0,61
0,0,59
0,0,58
0,0,60
0,0,62
6,1,65
0,0,69
0,0,73
0,0,77
0,0,72
0,0,64
0,0,57
0,0,43
11,1,92
0,0,106
0,0,97
0,0,116
0,0,161
0,0,186
0,0,178
0,0,160
0,0,150
0,0,155
0,0,159
1,1,163
6,1,162
8,1,144
0,0,129
0,0,109
0,0,95
0,0,80
0,0,67
23,1,57
27,1,58
29,1,56
0,0,59
0,0,61
0,0,63
1,1,61
0,0,65
0,0,72
0,0,69
15,1,65
0,0,66
0,0,68
5,1,72
0,0,73
1,2,71
1,1,68
0,0,64
0,0,62
28,1,60
19,1,68
0,0,80
0,0,84
0,0,85
1,1,84
4,1,82
1,2,83
10,1,74
26,1,70
3,1,74
0,0,66
0,0,50
0,0,44
0,0,48
0,0,46
0,0,45
0,0,47
0,0,52
0,0,54
0,0,53
3,1,49
1,1,46
0,0,77
0,0,105
0,0,122
0,0,138
1,1,133
0,0,139
0,0,150
0,0,154
0,0,136
4,1,144
0,0,145
0,0,152
0,0,149
8,2,154
9,1,126
0,0,127
0,0,132
0,0,137
1,1,130
0,0,131
1,1,127
0,0,125
10,2,130
23,1,136
12,1,143
22,1,148
1,1,149
0,0,151
1,1,152
3,1,154
0,0,159
0,0,160
0,0,158
2,1,166
0,0,164
0,0,157
0,0,150
18,1,140
0,0,144
0,0,156
0,0,163
0,0,162
0,0,155
0,0,63
0,0,61
0,0,57
0,0,59
0,0,66
0,0,70
0,0,73
0,0,72
0,0,71
1,1,70
0,0,65
0,0,55
0,0,50
0,0,48
0,0,81
0,0,121
0,0,134
0,0,120
2,1,161
0,0,178
0,0,177
26,1,157
0,0,159
6,1,159
0,0,164
9,1,163
0,0,168
0,0,170
0,0,167
0,0,160
0,0,145
0,0,126
0,0,105
0,0,89
24,1,69
0,0,62
0,0,59
0,0,56
0,0,58
1,1,57
4,1,60
0,0,64
0,0,63
3,1,58
7,1,55
9,1,61
7,1,65
1,1,64
12,1,66
14,1,59
11,1,51
0,0,52
24,1,59
0,0,67
0,0,73
0,0,75
0,0,78
0,0,80
0,0,82
1,1,83
0,0,85
1,1,79
10,1,70
0,0,71
0,0,77
13,1,63
0,0,49
0,0,44
0,0,48
0,0,47
2,1,54
0,0,57
29,1,52
9,1,53
0,0,60
29,1,107
0,0,131
0,0,133
0,0,138
0,0,137
0,0,136
0,0,143
0,0,152
0,0,151
0,0,141
0,0,139
8,1,141
0,0,148
0,0,144
0,0,145
8,1,153
0,0,135
0,0,125
1,1,130
0,0,134
0,0,128
0,0,123
0,0,124
0,0,127
0,0,126
4,2,128
30,2,131
0,0,132
24,1,148
0,0,150
25,1,149
0,0,157
0,0,158
5,1,150
4,1,163
1,1,162
0,0,165
0,0,171
2,1,160
0,0,156
14,1,141
0,0,142
0,0,153
12,1,165
8,1,62
0,0,60
0,0,56
0,0,61
0,0,69
0,0,78
0,0,81
2,1,72
0,0,67
10,1,57
0,0,52
0,0,48
14,1,100
0,0,135
0,0,147
0,0,140
0,0,152
0,0,164
0,0,173
0,0,179
0,0,170
1,1,169
28,1,158
8,1,162
0,0,163
0,0,168
0,0,175
0,0,177
2,1,169
0,0,159
0,0,148
0,0,132
0,0,123
0,0,110
0,0,98
0,0,90
0,0,85
0,0,82
0,0,79
0,0,77
0,0,74
2,1,80
0,0,83
0,0,81
0,0,78
1,2,81
13,1,86
0,0,88
1,3,89
0,0,87
15,1,72
0,0,66
0,0,60
0,0,53
1,1,56
0,0,63
0,0,67
0,0,71
27,1,78
26,1,84
22,2,77
8,1,72
10,1,75
13,1,54
0,0,47
0,0,45
0,0,51
0,0,52
2,1,54
25,1,50
0,0,46
7,1,63
20,1,102
0,0,133
0,0,148
0,0,141
0,0,139
1,1,138
0,0,142
1,1,143
1,1,136
0,0,134
0,0,137
0,0,147
0,0,140
1,1,149
0,0,152
13,1,131
1,1,136
10,1,128
0,0,125
0,0,122
2,1,124
0,0,118
0,0,119
0,0,123
7,1,132
1,1,131
24,1,140
0,0,145
0,0,146
0,0,151
0,0,160
1,1,150
0,0,148
0,0,155
0,0,161
6,1,159
0,0,164
0,0,170
0,0,163
4,1,162
0,0,158
11,1,147
12,2,161
12,1,61
0,0,60
1,1,65
0,0,75
0,0,81
1,1,76
0,0,67
0,0,62
0,0,57
0,0,55
0,0,53
0,0,51
0,0,77
0,0,113
0,0,136
0,0,142
0,0,149
26,1,159
0,0,168
0,0,181
0,0,174
0,0,176
0,0,175
0,0,165
0,0,156
29,1,157
0,0,162
0,0,163
6,1,164
4,1,164
0,0,167
16,1,163
20,1,152
0,0,145
0,0,135
0,0,129
0,0,127
0,0,122
0,0,116
0,0,113
1,1,120
0,0,126
8,2,127
4,1,128
0,0,132
0,0,133
16,1,135
4,1,132
6,1,130
19,1,113
0,0,106
0,0,94
0,0,84
0,0,72
0,0,66
0,0,64
2,1,68
0,0,71
0,0,75
0,0,79
0,0,80
0,0,81
0,0,82
0,0,78
0,0,74
0,0,73
9,1,66
0,0,58
0,0,52
0,0,49
0,0,53
0,0,57
0,0,56
3,1,53
0,0,50
0,0,47
0,0,51
25,1,85
0,0,111
0,0,129
0,0,143
0,0,144
0,0,142
0,0,140
0,0,137
0,0,134
0,0,131
8,1,132
0,0,141
0,0,133
12,1,139
0,0,149
12,2,146
0,0,151
15,1,135
1,1,142
21,1,135
0,0,130
0,0,123
0,0,121
1,1,113
0,0,120
0,0,116
6,1,134
14,1,131
29,1,133
0,0,136
22,1,157
0,0,159
0,0,155
0,0,148
27,1,153
0,0,158
7,1,157
0,0,161
0,0,166
0,0,160
12,1,162
1,1,157
0,0,154
1,1,158
19,1,155
0,0,60
0,0,59
0,0,61
0,0,69
0,0,77
0,0,78
0,0,76
0,0,68
0,0,62
0,0,57
0,0,54
1,2,56
0,0,97
0,0,130
0,0,137
1,1,156
22,1,154
0,0,163
0,0,173
0,0,167
0,0,169
0,0,170
0,0,162
0,0,148
0,0,150
2,1,149
3,1,155
0,0,160
16,1,157
0,0,159
0,0,164
12,1,161
0,0,166
1,1,155
23,1,157
9,1,157
15,1,157
0,0,165
17,2,155
1,2,157
23,1,161
0,0,163
1,1,164
24,1,165
5,1,160
0,0,158
0,0,151
0,0,147
0,0,138
0,0,131
0,0,96
0,0,71
0,0,70
0,0,65
0,0,66
1,1,69
6,1,73
8,1,69
9,1,75
5,1,62
0,0,54
0,0,50
0,0,52
3,1,57
0,0,56
4,1,51
0,0,55
10,1,79
26,1,119
0,0,135
0,0,142
0,0,138
0,0,141
0,0,146
0,0,143
3,1,137
0,0,134
0,0,129
0,0,130
0,0,136
3,1,125
0,0,140
0,0,153
12,1,140
14,1,149
6,1,139
11,1,138
0,0,151
22,1,141
0,0,128
0,0,121
16,1,115
18,1,123
0,0,126
0,0,131
0,0,132
27,2,130
0,0,133
26,1,156
0,0,157
19,1,146
0,0,145
0,0,153
6,1,156
0,0,154
0,0,158
1,1,157
12,1,160
0,0,159
4,2,153
13,1,151
18,1,61
1,1,66
0,0,72
0,0,77
0,0,76
0,0,67
0,0,60
0,0,55
0,0,52
0,0,56
0,0,58
2,1,59
0,0,115
17,1,154
0,0,145
0,0,166
29,1,158
0,0,165
0,0,170
2,1,169
1,1,161
0,0,150
0,0,147
0,0,144
0,0,143
0,0,149
0,0,160
0,0,163
0,0,156
7,1,146
6,1,158
18,1,166
0,0,162
0,0,155
27,1,158
13,1,155
0,0,152
5,1,159
1,1,156
0,0,157
1,1,156
23,2,165
18,1,166
19,1,160
24,1,156
0,0,153
14,1,159
18,1,155
0,0,146
0,0,107
0,0,78
0,0,71
0,0,64
0,0,60
0,0,58
0,0,59
0,0,62
2,1,58
0,0,57
8,1,73
1,1,62
0,0,53
0,0,51
0,0,52
0,0,54
1,2,53
4,1,67
0,0,91
0,0,117
0,0,142
0,0,151
0,0,147
0,0,140
0,0,143
0,0,148
0,0,153
6,2,150
9,1,148
0,0,141
10,1,123
1,1,143
0,0,157
9,1,142
0,0,144
16,1,142
0,0,139
0,0,126
0,0,133
21,1,146
1,1,130
0,0,125
1,1,122
0,0,134
1,1,131
12,1,121
6,1,128
15,1,134
19,1,150
0,0,152
24,1,147
20,1,149
5,1,151
8,1,149
9,1,157
0,0,158
0,0,154
0,0,153
9,3,150
14,1,150
0,0,65
1,1,67
0,0,69
0,0,71
2,1,63
0,0,57
0,0,52
1,1,57
0,0,64
0,0,68
0,0,78
0,0,133
23,2,157
0,0,168
28,1,158
0,0,161
0,0,164
0,0,163
0,0,165
2,1,155
0,0,151
0,0,147
0,0,146
0,0,145
3,1,154
0,0,156
0,0,152
6,1,139
0,0,142
22,1,158
19,1,158
16,1,150
27,1,159
20,1,152
16,1,155
6,1,158
0,0,160
30,1,159
22,1,155
6,2,157
20,1,159
24,1,152
0,0,151
18,1,153
19,1,157
14,1,120
0,0,85
0,0,70
0,0,65
0,0,59
0,0,56
2,1,62
3,1,56
7,1,75
1,1,65
0,0,53
1,2,51
1,1,56
0,0,49
0,0,60
0,0,87
0,0,113
0,0,136
0,0,148
30,1,158
0,0,154
0,0,150
1,1,154
0,0,159
0,0,160
0,0,155
7,1,158
5,1,152
0,0,142
0,0,125
0,0,121
0,0,134
18,1,148
0,0,139
0,0,133
0,0,137
3,1,130
0,0,122
0,0,128
0,0,140
25,1,144
13,1,127
0,0,115
0,0,120
0,0,136
0,0,138
0,0,131
0,0,124
0,0,119
0,0,123
0,0,129
20,1,135
16,1,144
0,0,141
24,1,137
19,1,140
0,0,146
23,1,157
3,1,153
0,0,160
0,0,159
0,0,155
4,1,154
0,0,156
4,1,152
4,2,65
1,1,66
0,0,70
0,0,73
0,0,68
0,0,60
0,0,55
0,0,57
3,1,70
0,0,79
0,0,86
0,0,100
0,0,148
0,0,151
0,0,149
25,1,162
25,1,153
26,1,158
0,0,160
0,0,161
3,1,156
7,1,149
15,1,146
0,0,145
18,1,150
18,1,147
5,1,145
22,1,153
21,1,154
28,1,148
24,1,158
25,1,155
1,1,156
1,2,159
0,0,162
30,1,154
0,0,151
0,0,152
18,1,152
9,2,155
5,2,152
9,1,153
0,0,157
0,0,160
0,0,129
0,0,92
0,0,67
0,0,62
0,0,56
0,0,55
0,0,59
1,1,55
0,0,58
0,0,72
0,0,80
0,0,76
0,0,60
0,0,47
0,0,51
12,1,54
1,1,65
8,1,94
0,0,119
0,0,145
26,1,155
0,0,151
0,0,152
0,0,154
4,1,152
3,1,158
1,1,154
0,0,153
12,1,158
12,1,141
0,0,124
0,0,118
0,0,126
0,0,137
0,0,140
0,0,131
0,0,125
0,0,128
0,0,133
9,1,122
9,1,141
0,0,159
0,0,138
0,0,132
0,0,121
0,0,115
0,0,119
0,0,134
5,1,125
4,1,114
0,0,120
23,1,133
0,0,135
25,1,139
3,1,131
24,1,142
5,1,144
0,0,156
24,1,148
3,1,160
28,1,158
0,0,157
7,1,160
9,1,157
6,1,161
0,0,68
0,0,66
1,1,75
0,0,77
0,0,70
0,0,57
0,0,54
0,0,67
0,0,81
0,0,94
0,0,97
0,0,99
0,0,119
0,0,155
0,0,153
0,0,141
29,1,151
0,0,150
0,0,149
2,1,154
30,1,157
28,1,155
12,1,151
10,1,150
11,1,147
0,0,144
0,0,145
3,1,148
19,1,151
21,1,155
21,1,140
8,3,157
0,0,158
27,2,156
1,1,154
4,1,158
30,1,152
25,1,145
3,1,153
12,1,157
16,1,154
28,1,152
17,1,157
19,1,129
0,0,95
0,0,63
0,0,60
0,0,53
0,0,58
0,0,56
0,0,52
1,1,57
0,0,75
0,0,87
0,0,92
0,0,79
0,0,65
0,0,64
0,0,72
0,0,76
0,0,81
0,0,97
0,0,125
0,0,141
0,0,144
1,1,148
1,1,146
1,1,148
0,0,151
0,0,153
1,2,150
0,0,152
5,1,155
3,1,145
0,0,137
0,0,123
0,0,118
2,1,131
0,0,134
0,0,126
0,0,121
2,1,129
3,1,114
0,0,124
0,0,142
24,1,133
0,0,122
0,0,116
16,1,118
11,1,124
0,0,119
0,0,113
0,0,111
0,0,112
4,1,125
0,0,132
24,1,134
26,1,132
0,0,136
0,0,144
0,0,143
0,0,148
0,0,158
0,0,162
25,1,157
0,0,163
5,1,155
0,0,156
8,1,159
10,1,158
0,0,160
12,1,74
0,0,70
0,0,68
0,0,73
0,0,75
0,0,64
0,0,56
0,0,62
0,0,84
0,0,104
0,0,110
2,1,105
0,0,135
0,0,161
27,1,143
0,0,148
0,0,150
0,0,152
0,0,146
0,0,145
5,1,151
0,0,155
1,1,154
12,1,149
0,0,147
13,1,147
16,1,140
0,0,142
15,1,149
22,1,148
19,1,150
21,1,139
23,1,144
16,1,157
0,0,158
26,1,152
3,1,160
6,1,155
0,0,159
0,0,162
9,1,151
30,1,156
20,1,149
0,0,154
1,1,149
26,2,154
0,0,153
12,1,132
0,0,95
0,0,62
0,0,61
0,0,56
0,0,63
0,0,58
0,0,50
0,0,54
7,1,99
0,0,128
0,0,135
0,0,127
0,0,114
0,0,111
2,1,122
0,0,131
0,0,142
0,0,152
1,1,146
0,0,144
0,0,147
0,0,149
0,0,148
1,1,149
4,1,155
1,1,151
8,1,152
0,0,154
0,0,156
0,0,153
0,0,145
0,0,137
29,1,122
0,0,123
0,0,129
0,0,130
0,0,126
0,0,125
7,1,128
8,1,114
0,0,118
9,1,141
0,0,131
0,0,119
6,1,114
0,0,111
18,1,124
0,0,120
0,0,115
5,1,109
0,0,113
24,1,132
0,0,136
1,1,140
0,0,138
2,1,149
1,1,151
0,0,156
0,0,157
0,0,153
3,1,158
5,1,154
0,0,155
8,2,158
7,1,160
0,0,162
0,0,78
0,0,74
0,0,68
0,0,64
0,0,61
0,0,63
0,0,73
0,0,89
0,0,112
0,0,124
2,1,93
0,0,98
0,0,131
26,1,145
0,0,140
2,1,141
0,0,147
5,1,145
0,0,148
0,0,151
10,1,153
0,0,152
0,0,150
9,1,143
15,1,143
16,1,140
16,1,146
9,1,148
19,1,142
22,1,139
0,0,136
1,1,139
30,1,147
25,1,145
14,1,148
25,1,151
16,1,149
0,0,154
0,0,153
20,1,144
8,1,152
25,1,150
26,1,146
11,1,151
15,1,149
17,1,128
0,0,86
0,0,56
0,0,58
0,0,54
0,0,61
0,0,59
0,0,49
0,0,57
4,1,112
23,1,144
25,1,138
0,0,137
0,0,136
2,1,141
26,1,137
0,0,129
1,1,128
0,0,135
10,1,142
16,1,141
0,0,140
19,1,145
0,0,146
15,1,143
3,1,152
0,0,150
24,1,127
0,0,120
0,0,117
1,1,120
4,1,121
1,1,123
8,1,116
0,0,115
1,1,119
15,1,134
8,1,116
0,0,108
0,0,109
7,1,117
11,1,114
5,1,105
0,0,107
16,1,125
0,0,130
0,0,132
16,1,131
18,1,140
0,0,143
0,0,142
0,0,144
0,0,148
1,1,150
0,0,154
0,0,153
1,2,154
0,0,155
1,1,157
0,0,161
0,0,162
0,0,76
1,1,70
0,0,61
0,0,60
0,0,74
0,0,99
0,0,118
0,0,127
0,0,121
0,0,106
0,0,91
0,0,98
0,0,134
0,0,147
29,1,144
30,1,141
0,0,143
0,0,146
1,1,148
0,0,149
0,0,151
1,1,150
13,1,143
0,0,139
0,0,138
1,1,139
0,0,140
15,1,147
22,1,145
0,0,142
9,1,137
23,1,142
0,0,136
26,1,145
30,1,143
26,1,145
12,1,145
0,0,146
4,3,149
1,1,148
0,0,150
0,0,156
0,0,155
27,1,146
8,1,152
1,1,150
12,1,154
0,0,127
0,0,88
0,0,58
0,0,60
0,0,55
0,0,61
1,1,55
0,0,64
0,0,75
0,0,119
0,0,143
0,0,139
1,1,142
4,2,135
1,1,137
0,0,131
21,1,130
1,1,129
3,1,136
0,0,141
17,1,140
19,1,145
0,0,147
1,1,144
1,1,149
5,1,136
0,0,123
0,0,115
0,0,112
0,0,113
1,1,117
0,0,120
0,0,121
1,1,117
9,1,119
7,1,119
0,0,139
30,1,123
0,0,114
0,0,110
0,0,116
0,0,118
18,3,116
22,3,123
14,1,131
16,1,126
0,0,128
0,0,136
0,0,142
22,1,141
0,0,145
0,0,157
0,0,155
0,0,150
0,0,149
0,0,148
1,2,149
0,0,153
0,0,156
10,1,159
0,0,76
0,0,83
0,0,85
0,0,73
0,0,67
0,0,91
0,0,120
25,1,115
0,0,100
0,0,88
0,0,89
0,0,106
0,0,133
0,0,135
29,1,147
25,1,140
1,1,143
0,0,145
0,0,144
3,1,146
4,1,145
9,2,136
0,0,132
18,1,134
15,1,142
20,1,138
0,0,137
6,1,134
8,2,144
29,2,144
28,1,138
0,0,147
0,0,139
13,1,136
25,1,143
29,1,142
3,1,149
0,0,151
11,1,152
3,1,144
29,1,148
17,1,145
15,2,148
0,0,126
0,0,90
0,0,57
0,0,58
1,2,57
0,0,59
0,0,72
0,0,87
0,0,130
22,1,132
1,1,143
19,1,144
0,0,139
1,1,138
1,2,141
7,1,137
0,0,134
29,1,142
12,3,144
0,0,151
1,1,144
8,1,142
10,1,132
0,0,121
0,0,114
0,0,116
0,0,113
0,0,111
2,1,119
0,0,123
0,0,118
0,0,115
8,1,118
4,1,120
24,1,114
0,0,106
1,1,109
0,0,122
0,0,112
0,0,107
1,1,115
24,1,122
0,0,125
20,1,125
0,0,126
0,0,128
24,1,121
7,1,131
0,0,140
0,0,136
0,0,134
0,0,138
0,0,153
0,0,151
0,0,146
0,0,143
1,1,142
1,2,146
0,0,150
0,0,152
1,1,84
0,0,95
0,0,109
0,0,91
0,0,78
0,0,101
30,1,118
0,0,94
0,0,88
0,0,79
8,1,117
0,0,129
0,0,119
2,1,140
0,0,139
0,0,135
1,1,140
0,0,141
0,0,138
0,0,137
1,1,138
9,1,137
0,0,133
0,0,131
17,1,130
4,1,137
0,0,136
17,1,132
8,1,131
10,1,130
5,3,130
16,1,132
24,1,135
12,2,128
0,0,127
0,0,141
0,0,149
0,0,144
0,0,138
0,0,139
0,0,146
4,1,141
0,0,140
9,1,143
0,0,142
9,1,132
27,1,134
12,1,121
0,0,85
0,0,54
0,0,50
0,0,62
0,0,60
0,0,55
0,0,57
0,0,67
0,0,97
0,0,136
26,1,134
27,1,146
30,1,143
0,0,145
0,0,148
3,2,149
1,1,148
6,1,147
12,1,142
29,1,137
1,1,140
15,1,147
7,1,138
24,1,131
0,0,127
0,0,125
0,0,118
0,0,113
1,1,108
1,1,114
6,2,108
8,1,116
0,0,115
2,1,132
11,1,95
0,0,98
0,0,112
18,1,106
0,0,100
0,0,102
0,0,104
0,0,110
24,1,125
0,0,128
0,0,124
0,0,120
0,0,122
0,0,119
25,1,120
7,1,140
22,1,123
0,0,127
0,0,144
0,0,135
0,0,136
0,0,139
0,0,138
0,0,137
5,1,135
12,1,144
0,0,146
1,1,97
0,0,115
0,0,131
0,0,109
0,0,89
0,0,104
0,0,116
0,0,105
0,0,95
0,0,126
5,1,105
21,1,136
0,0,111
0,0,120
14,1,126
0,0,133
0,0,134
27,1,141
28,1,133
6,1,136
5,1,142
0,0,140
0,0,138
1,1,139
11,1,140
22,2,135
19,1,132
21,2,127
27,1,134
0,0,121
0,0,122
28,1,145
0,0,124
0,0,128
12,1,120
0,0,113
17,1,157
0,0,147
0,0,129
16,1,139
24,1,129
25,1,151
0,0,159
0,0,149
6,2,130
15,1,136
0,0,117
0,0,85
0,0,51
0,0,52
0,0,87
0,0,79
0,0,61
0,0,57
0,0,62
0,0,105
24,1,137
0,0,142
28,1,146
26,2,142
26,1,139
28,1,156
0,0,138
25,1,146
7,1,148
8,1,132
30,1,135
8,1,136
0,0,141
22,1,138
0,0,126
0,0,121
0,0,127
20,1,126
0,0,115
0,0,112
0,0,104
0,0,100
0,0,106
0,0,108
0,0,103
0,0,101
0,0,113
0,0,122
0,0,124
0,0,118
0,0,128
26,1,109
10,1,122
0,0,111
0,0,107
14,2,93
0,0,89
16,1,114
0,0,123
1,1,124
16,1,121
0,0,119
21,1,132
0,0,147
0,0,137
10,1,125
0,0,141
0,0,131
1,1,133
1,1,131
0,0,127
1,1,133
12,1,140
0,0,139
0,0,107
22,1,146
0,0,118
0,0,92
0,0,104
0,0,112
0,0,108
14,1,201
0,0,160
0,0,150
0,0,194
0,0,169
20,1,135
28,1,134
0,0,142
0,0,147
0,0,145
5,1,138
26,1,143
5,1,149
0,0,152
1,1,151
0,0,153
0,0,154
6,1,146
16,1,142
0,0,140
19,1,143
19,1,160
22,1,131
3,1,140
9,1,167
0,0,179
12,1,148
0,0,150
9,1,117
20,1,180
0,0,168
20,1,129
20,1,146
0,0,132
25,1,173
0,0,184
0,0,165
0,0,144
0,0,138
29,1,147
30,1,136
0,0,107
0,0,76
0,0,83
4,1,129
0,0,104
0,0,87
0,0,84
0,0,137
1,1,139
0,0,163
0,0,181
0,0,170
17,1,140
0,0,150
0,0,159
28,1,185
0,0,193
5,1,130
0,0,141
0,0,153
0,0,151
28,1,145
0,0,156
0,0,155
16,1,143
16,1,162
0,0,160
0,0,144
0,0,136
23,1,178
0,0,152
0,0,128
0,0,125
0,0,115
0,0,110
0,0,113
0,0,117
0,0,112
0,0,111
7,1,143
14,1,122
0,0,131
0,0,175
30,1,133
1,1,108
0,0,120
0,0,135
0,0,129
0,0,102
0,0,94
2,1,121
0,0,134
0,0,140
0,0,146
0,0,156
0,0,141
15,1,142
0,0,159
0,0,178
0,0,169
0,0,154
8,1,176
0,0,161
0,0,137
20,1,131
0,0,128
0,0,123
1,1,127
0,0,132
0,0,136
1,1,134
21,1,138
0,0,126
0,0,98
0,0,97
0,0,99
0,0,105
0,0,148
0,0,205
0,0,195
0,0,196
0,0,203
0,0,175
0,0,145
0,0,168
0,0,185
0,0,177
0,0,178
0,0,187
2,1,179
5,1,148
0,0,131
0,0,147
13,1,188
0,0,186
1,1,181
0,0,183
2,1,179
4,1,185
6,1,177
25,1,173
0,0,189
1,1,181
0,0,200
0,0,155
0,0,138
0,0,171
0,0,204
9,1,177
23,1,165
0,0,126
0,0,129
0,0,192
28,1,177
29,1,180
24,1,147
0,0,135
0,0,164
0,0,197
14,1,171
0,0,166
9,2,180
0,0,176
0,0,163
0,0,145
0,0,146
12,1,169
0,0,161
0,0,157
0,0,153
0,0,187
0,0,181
23,1,200
0,0,194
0,0,182
0,0,140
0,0,142
0,0,183
4,1,177
0,0,209
0,0,199
0,0,152
0,0,134
0,0,173
8,1,188
18,1,179
19,1,182
0,0,178
8,1,176
8,1,190
26,1,174
24,1,198
0,0,184
0,0,175
18,1,139
0,0,104
0,0,132
0,0,157
0,0,146
26,1,176
22,1,174
0,0,170
12,1,202
20,1,179
29,1,157
0,0,167
0,0,171
0,0,169
0,0,168
17,1,153
0,0,166
26,1,185
2,2,168
10,1,188
0,0,180
0,0,193
0,0,194
9,1,183
0,0,198
28,1,142
0,0,126
1,2,130
0,0,129
5,1,123
1,1,128
0,0,143
0,0,135
0,0,124
0,0,121
0,0,102
0,0,93
0,0,92
0,0,103
0,0,149
0,0,181
0,0,205
0,0,209
28,1,177
0,0,164
0,0,197
0,0,214
0,0,203
0,0,199
0,0,206
0,0,190
0,0,195
12,1,156
29,1,165
9,1,209
0,0,201
2,2,199
0,0,208
14,1,204
16,1,206
0,0,200
0,0,191
0,0,187
30,1,208
5,1,211
0,0,151
0,0,131
0,0,166
0,0,207
0,0,188
0,0,196
28,1,181
0,0,132
0,0,124
16,1,195
0,0,197
0,0,213
30,1,200
0,0,154
0,0,127
0,0,148
0,0,194
6,1,190
0,0,189
0,0,203
1,1,202
22,1,183
21,1,188
0,0,178
0,0,175
25,1,181
0,0,182
0,0,207
22,1,202
0,0,211
24,1,184
0,0,141
0,0,150
0,0,199
0,0,191
0,0,198
0,0,208
25,1,145
8,1,199
5,1,205
7,1,193
12,1,199
0,0,194
1,1,197
17,1,200
3,1,197
21,1,202
22,1,197
3,1,160
0,0,100
0,0,139
0,0,181
0,0,186
27,1,198
0,0,195
0,0,192
2,1,201
30,1,195
0,0,196
18,1,189
0,0,193
0,0,173
0,0,177
9,2,197
6,1,199
0,0,205
0,0,190
28,1,186
12,1,202
0,0,182
0,0,187
25,1,195
13,1,206
0,0,176
0,0,148
0,0,136
0,0,130
1,1,133
3,1,122
0,0,115
0,0,116
0,0,123
0,0,131
0,0,125
4,1,111
0,0,94
0,0,96
1,1,101
14,1,154
0,0,175
0,0,179
0,0,167
0,0,165
0,0,169
0,0,194
0,0,200
0,0,187
0,0,183
0,0,184
0,0,171
2,1,194
0,0,147
0,0,129
5,1,201
0,0,192
17,1,205
0,0,198
0,0,190
16,1,209
0,0,195
16,1,188
10,1,173
28,1,192
5,1,178
0,0,180
0,0,132
0,0,120
0,0,154
0,0,186
0,0,175
0,0,185
3,1,161
0,0,127
9,1,172
20,1,185
0,0,182
0,0,187
10,1,147
0,0,122
0,0,142
0,0,177
15,1,179
19,1,196
0,0,193
19,2,152
0,0,157
0,0,174
0,0,166
29,1,149
0,0,146
0,0,155
0,0,180
1,1,182
0,0,191
0,0,188
0,0,175
0,0,141
0,0,151
23,2,178
0,0,187
0,0,171
0,0,138
0,0,140
0,0,199
0,0,204
13,1,182
25,1,191
0,0,184
22,1,184
0,0,186
0,0,181
16,1,178
28,1,181
28,1,164
0,0,168
30,1,157
0,0,100
0,0,125
0,0,169
21,1,183
0,0,179
0,0,170
30,1,180
26,1,178
15,1,171
26,1,168
0,0,176
0,0,147
0,0,150
0,0,185
4,1,194
14,1,168
28,1,163
15,1,185
0,0,195
0,0,198
21,1,172
1,1,174
23,1,187
29,1,155
0,0,149
0,0,139
0,0,132
0,0,131
0,0,125
0,0,118
0,0,114
2,1,127
0,0,130
0,0,124
0,0,110
0,0,103
0,0,94
1,1,95
0,0,93
0,0,105
0,0,112
0,0,115
2,1,106
16,1,127
0,0,147
0,0,151
0,0,140
0,0,137
0,0,136
0,0,150
0,0,163
6,1,107
17,1,120
0,0,139
1,1,148
0,0,184
0,0,165
0,0,144
0,0,158
0,0,178
19,1,134
0,0,143
9,1,130
0,0,141
0,0,142
22,1,129
0,0,132
0,0,109
0,0,105
0,0,123
7,1,133
30,1,139
0,0,126
8,1,120
13,1,150
28,1,140
0,0,146
1,1,131
8,1,125
5,1,150
7,1,149
0,0,159
0,0,155
0,0,145
0,0,117
0,0,95
0,0,103
20,1,120
0,0,107
0,0,98
5,2,141
0,0,142
1,1,152
0,0,153
26,1,126
0,0,130
23,1,145
20,1,158
27,1,127
0,0,131
0,0,174
0,0,169
0,0,151
0,0,144
0,0,138
0,0,149
0,0,143
22,1,149
0,0,148
6,1,132
0,0,134
0,0,136
29,1,137
0,0,125
0,0,129
0,0,139
0,0,117
0,0,92
0,0,108
23,1,136
7,1,129
0,0,122
0,0,126
13,1,139
8,1,116
0,0,121
10,2,135
4,1,129
0,0,144
0,0,120
0,0,142
0,0,123
0,0,128
0,0,152
2,1,141
0,0,166
0,0,185
0,0,193
0,0,190
0,0,162
22,1,128
0,0,134
0,0,145
0,0,148
0,0,150
0,0,146
0,0,138
0,0,133
0,0,130
0,0,127
0,0,124
27,1,128
12,1,103
0,0,97
0,0,88
0,0,83
0,0,85
0,0,93
0,0,102
0,0,106
0,0,112
1,1,109
6,1,74
0,0,78
9,1,98
15,2,88
0,0,84
0,0,107
0,0,117
0,0,94
10,1,78
0,0,80
13,1,86
0,0,110
0,0,118
0,0,99
0,0,92
25,1,123
18,1,85
5,1,99
0,0,82
23,1,95
0,0,87
15,1,87
9,1,90
6,1,94
0,0,91
30,1,90
6,1,83
19,1,93
23,1,106
10,1,105
0,0,100
0,0,115
0,0,120
0,0,112
0,0,117
4,1,113
0,0,116
0,0,128
0,0,126
0,0,121
23,1,75
0,0,68
0,0,72
0,0,77
0,0,73
5,1,91
0,0,111
0,0,124
19,1,119
3,1,129
0,0,122
0,0,118
2,1,129
0,0,132
6,1,137
0,0,136
25,1,127
0,0,145
2,1,115
0,0,114
0,0,110
21,1,115
20,1,123
24,1,112
0,0,106
0,0,103
0,0,104
0,0,107
0,0,105
2,2,95
0,0,86
0,0,94
9,1,101
0,0,91
0,0,82
0,0,93
8,1,96
0,0,102
18,1,102
0,0,90
14,1,107
12,1,107
29,1,124
0,0,111
16,1,92
0,0,98
0,0,118
0,0,131
8,1,113
0,0,127
0,0,140
0,0,146
0,0,153
0,0,132
0,0,117
10,1,127
8,1,132
0,0,137
0,0,136
0,0,133
0,0,135
1,1,138
5,2,138
18,1,82
0,0,81
0,0,77
0,0,74
3,1,95
0,0,110
0,0,122
0,0,128
1,1,125
0,0,101
9,1,71
14,1,79
0,0,76
14,1,73
0,0,69
0,0,80
1,1,70
0,0,75
0,0,86
22,1,64
0,0,68
4,1,76
17,1,74
12,1,83
11,1,70
14,1,72
19,2,83
27,1,82
26,1,79
0,0,81
0,0,78
24,1,78
12,1,74
26,1,75
9,1,71
23,2,74
11,2,95
0,0,98
0,0,90
0,0,89
0,0,91
1,1,97
0,0,108
0,0,115
0,0,113
0,0,104
0,0,84
0,0,64
0,0,61
0,0,67
0,0,69
23,1,97
0,0,120
0,0,125
0,0,118
1,1,122
0,0,124
2,1,123
1,1,124
0,0,130
1,1,129
3,1,132
3,1,132
0,0,119
0,0,111
0,0,116
2,1,111
0,0,117
19,1,120
23,1,113
0,0,107
0,0,100
30,1,97
0,0,101
1,1,96
0,0,89
0,0,86
0,0,103
0,0,98
0,0,93
0,0,94
0,0,81
6,1,90
0,0,91
1,1,93
17,1,91
9,1,101
0,0,92
15,1,113
0,0,112
27,1,101
0,0,95
0,0,105
0,0,116
0,0,119
0,0,117
25,1,100
14,1,109
0,0,123
0,0,111
0,0,108
0,0,122
0,0,135
0,0,128
0,0,133
0,0,136
4,1,135
0,0,138
0,0,141
0,0,144
0,0,142
0,0,139
1,1,140
0,0,77
1,1,78
0,0,72
2,1,86
0,0,104
24,1,129
0,0,132
0,0,125
0,0,103
0,0,74
0,0,65
14,1,74
0,0,76
0,0,80
1,1,76
0,0,69
1,1,74
11,1,80
13,1,69
24,1,77
3,2,75
1,1,66
0,0,70
21,1,70
24,1,69
23,1,87
0,0,97
0,0,92
0,0,79
0,0,85
0,0,84
3,1,73
4,1,81
23,1,72
0,0,78
6,1,66
0,0,68
6,2,68
0,0,71
13,1,72
15,1,68
14,1,77
23,1,86
0,0,99
0,0,98
0,0,96
4,1,64
0,0,58
0,0,67
0,0,75
0,0,80
0,0,97
0,0,117
0,0,121
0,0,118
0,0,120
0,0,125
4,1,120
3,1,124
0,0,122
0,0,127
0,0,133
0,0,129
0,0,126
0,0,128
5,1,131
1,1,126
15,1,119
20,1,124
0,0,123
0,0,116
0,0,115
0,0,113
0,0,109
0,0,99
0,0,93
0,0,92
0,0,97
3,1,91
5,2,104
0,0,94
9,1,102
0,0,89
0,0,82
2,1,87
0,0,80
0,0,84
0,0,96
0,0,95
1,1,98
0,0,86
0,0,101
0,0,103
0,0,100
0,0,106
0,0,117
0,0,115
0,0,118
0,0,116
0,0,113
0,0,111
0,0,99
0,0,90
13,1,99
0,0,122
0,0,110
0,0,109
0,0,119
0,0,129
0,0,128
0,0,137
0,0,139
0,0,138
1,2,141
0,0,142
0,0,143
1,1,142
4,1,80
0,0,81
2,1,72
0,0,77
1,1,92
0,0,112
0,0,115
0,0,120
0,0,114
0,0,98
0,0,75
0,0,64
2,1,73
0,0,76
0,0,87
0,0,83
0,0,79
0,0,65
6,1,85
0,0,70
4,1,72
10,1,75
0,0,78
10,1,79
30,1,75
0,0,66
19,1,82
0,0,80
14,1,72
23,1,91
0,0,101
0,0,104
0,0,94
4,1,89
11,1,79
8,1,85
0,0,74
24,1,76
19,1,67
22,1,69
0,0,71
2,2,64
7,1,71
0,0,65
0,0,68
28,1,68
11,1,78
18,1,74
6,1,63
0,0,57
20,1,74
0,0,77
0,0,83
0,0,102
0,0,108
0,0,109
0,0,117
0,0,125
2,1,120
3,1,121
6,2,131
0,0,128
7,1,116
0,0,119
0,0,132
0,0,136
6,1,119
0,0,113
18,1,117
0,0,112
0,0,105
0,0,103
2,2,94
0,0,88
0,0,86
2,1,88
0,0,92
1,1,91
0,0,99
2,1,89
0,0,95
10,1,78
0,0,83
0,0,81
0,0,75
0,0,79
0,0,93
12,1,90
3,1,83
0,0,97
1,2,104
0,0,116
0,0,126
0,0,119
0,0,114
0,0,117
0,0,112
0,0,102
23,1,97
0,0,110
0,0,124
11,1,110
10,1,125
0,0,127
0,0,136
0,0,139
0,0,138
3,1,136
0,0,137
0,0,140
0,0,144
0,0,146
0,0,148
1,1,68
0,0,71
0,0,74
0,0,66
0,0,70
1,1,85
0,0,108
0,0,113
0,0,117
1,1,108
0,0,93
0,0,79
0,0,83
0,0,75
3,1,88
0,0,78
17,1,64
20,1,80
19,2,80
12,2,77
11,1,82
1,1,78
0,0,76
0,0,73
0,0,81
0,0,87
0,0,84
5,1,76
27,1,91
0,0,105
0,0,101
0,0,98
0,0,90
0,0,86
1,1,91
14,1,73
30,1,73
26,1,69
0,0,67
1,2,74
0,0,70
6,1,76
0,0,82
9,1,71
12,1,68
0,0,61
13,1,65
0,0,58
0,0,63
6,2,72
0,0,79
23,1,71
0,0,88
0,0,98
0,0,96
0,0,107
0,0,122
0,0,111
0,0,120
0,0,125
0,0,121
0,0,118
2,1,127
0,0,123
0,0,117
9,1,110
0,0,115
13,1,117
0,0,104
0,0,100
0,0,103
0,0,102
0,0,101
23,1,97
2,2,95
0,0,91
0,0,85
0,0,82
0,0,94
8,1,92
0,0,89
15,1,99
4,1,88
0,0,77
0,0,78
1,1,79
4,1,80
17,2,88
17,1,86
14,1,103
0,0,104
0,0,102
0,0,107
0,0,120
0,0,113
0,0,117
0,0,123
0,0,119
0,0,112
0,0,106
8,1,105
10,1,109
0,0,116
0,0,132
0,0,140
0,0,135
0,0,134
1,2,132
0,0,133
5,1,139
0,0,144
0,0,150
0,0,153
0,0,152
0,0,68
0,0,72
0,0,77
3,1,73
0,0,71
0,0,84
27,1,109
0,0,114
0,0,110
0,0,111
0,0,103
0,0,87
0,0,89
0,0,81
0,0,86
0,0,97
0,0,90
6,1,92
3,1,82
0,0,78
0,0,85
0,0,80
0,0,75
2,1,93
0,0,83
0,0,88
1,1,85
5,1,80
11,1,102
0,0,104
16,1,87
25,1,89
0,0,109
1,1,97
4,1,86
27,1,95
25,1,75
0,0,71
0,0,73
13,1,71
0,0,69
0,0,67
0,0,66
0,0,77
8,1,66
0,0,70
10,1,61
0,0,65
6,2,61
13,1,69
14,1,74
0,0,80
18,1,75
0,0,82
24,1,64
26,1,82
30,1,87
0,0,108
0,0,99
0,0,111
0,0,117
0,0,114
3,1,113
0,0,118
0,0,119
1,1,118
9,1,104
0,0,107
0,0,110
0,0,105
0,0,98
1,1,93
0,0,94
0,0,97
0,0,96
0,0,92
4,1,95
5,1,89
0,0,81
0,0,91
9,1,93
9,1,98
17,1,95
0,0,90
0,0,82
0,0,79
0,0,74
0,0,73
0,0,78
0,0,83
0,0,85
0,0,77
3,1,93
0,0,86
30,1,97
27,1,95
0,0,107
0,0,115
0,0,111
0,0,110
3,1,119
0,0,112
0,0,104
8,1,117
0,0,121
0,0,122
2,1,123
0,0,129
0,0,134
1,3,133
5,1,136
0,0,141
0,0,145
0,0,149
1,1,148
