0,1,2
0,0,0
0,0,10
0,0,25
0,0,26
0,0,20
3,1,16
0,0,39
0,0,17
0,0,23
4,1,30
0,0,18
10,1,23
0,0,13
0,0,9
0,0,14
0,0,11
2,1,12
0,0,29
10,1,17
6,1,8
5,1,14
8,1,7
9,2,16
0,0,15
0,0,19
0,0,27
0,0,10
17,1,9
21,1,13
5,1,13
28,1,18
0,0,43
0,0,33
14,1,10
11,1,4
29,1,19
0,0,23
0,0,31
0,0,25
0,0,28
22,1,31
0,0,14
20,1,29
0,0,26
24,2,18
14,1,14
0,0,8
29,1,15
0,0,40
20,1,21
15,1,14
29,1,9
1,2,33
24,1,32
13,1,31
22,1,10
11,2,10
20,1,13
0,0,12
29,2,22
0,0,49
29,1,17
18,1,3
7,1,15
0,0,16
0,0,30
0,0,20
0,0,36
0,0,25
13,1,12
27,1,38
17,1,32
15,1,15
29,1,20
14,1,15
26,1,19
0,0,26
0,0,10
0,0,11
0,0,13
1,2,10
0,0,31
0,0,9
24,1,13
24,1,27
0,0,16
16,1,13
14,1,5
1,1,12
12,1,14
20,1,14
0,0,8
0,0,93
0,0,6
28,1,9
0,0,23
1,1,38
0,0,22
0,0,20
0,0,32
3,1,23
29,1,20
0,0,28
27,1,12
0,0,25
16,1,21
3,1,15
0,0,44
0,0,24
0,0,13
2,1,18
3,1,13
5,1,14
15,1,15
18,1,10
19,1,11
0,0,30
14,1,12
0,0,27
29,1,10
13,1,13
11,1,16
16,1,14
0,0,22
0,0,55
0,0,69
12,1,8
29,1,27
0,0,19
24,1,23
27,1,17
23,1,15
4,1,16
0,0,36
0,0,18
7,1,21
15,1,24
13,1,30
8,1,14
0,0,39
0,0,33
0,0,26
30,1,14
23,1,11
24,1,7
0,0,28
0,0,42
21,1,30
0,0,20
0,0,8
29,1,22
1,1,21
27,1,13
0,0,64
0,0,79
4,2,26
0,0,80
20,1,29
0,0,25
24,1,25
25,1,25
0,0,24
17,2,16
19,1,12
0,0,33
0,0,15
8,1,38
15,1,16
28,2,22
21,1,31
0,0,149
0,0,208
0,0,202
0,0,216
3,1,13
16,1,13
10,2,16
13,1,33
0,0,30
17,1,17
0,0,26
29,1,14
0,0,0
0,0,3
3,1,104
0,0,59
0,0,18
0,0,94
0,0,23
0,0,25
10,1,19
22,1,14
0,0,8
21,1,11
0,0,39
27,1,33
14,1,11
24,1,33
6,1,30
0,0,27
11,1,40
0,0,56
0,0,197
0,0,229
0,0,211
0,0,199
0,0,196
0,0,190
0,0,185
0,0,169
0,0,203
0,0,188
0,0,79
0,0,24
20,1,0
3,2,42
0,0,28
0,0,22
0,0,14
29,1,13
1,1,10
27,1,27
0,0,3
0,0,72
17,1,27
0,0,20
1,1,19
0,0,17
0,0,16
18,1,23
0,0,38
20,1,29
0,0,25
0,0,9
0,0,41
0,0,30
0,0,31
28,1,26
0,0,110
0,0,191
0,0,226
1,1,223
0,0,215
0,0,216
0,0,144
0,0,200
0,0,196
0,0,198
0,0,188
0,0,194
0,0,146
0,0,51
0,0,21
0,0,11
0,0,19
29,1,10
1,1,12
0,0,14
0,0,20
3,1,11
7,2,19
13,1,13
0,0,5
0,0,17
11,1,15
0,0,22
0,0,26
0,0,18
21,1,26
0,0,34
0,0,27
0,0,31
0,0,32
0,0,35
0,0,37
0,0,40
3,1,28
9,1,95
0,0,218
0,0,227
0,0,212
0,0,232
0,0,221
0,0,202
0,0,203
0,0,219
3,1,226
0,0,208
0,0,190
0,0,129
0,0,33
20,1,21
19,1,25
0,0,12
0,0,38
0,0,16
0,0,10
0,0,24
0,0,23
0,0,13
5,1,4
1,1,17
0,0,9
0,0,116
0,0,27
17,1,16
0,0,19
0,0,14
1,1,30
0,0,42
0,0,26
23,1,19
19,2,15
0,0,46
0,0,29
0,0,44
14,1,152
0,0,236
0,0,239
0,0,233
0,0,229
0,0,213
0,0,216
0,0,220
0,0,208
0,0,195
0,0,188
0,0,187
0,0,211
0,0,182
0,0,85
0,0,16
28,1,38
29,1,19
0,0,21
26,1,7
0,0,32
0,0,36
0,0,26
0,0,8
0,0,13
6,1,13
0,0,25
0,0,59
0,0,29
0,0,20
7,1,32
3,1,15
0,0,28
0,0,149
0,0,27
0,0,43
0,0,22
24,1,38
0,0,33
0,0,41
24,1,33
0,0,131
0,0,235
0,0,234
0,0,238
0,0,230
0,0,224
0,0,218
0,0,203
0,0,220
0,0,216
2,1,204
0,0,200
0,0,212
0,0,192
0,0,164
0,0,75
0,0,12
0,0,31
0,0,21
0,0,17
0,0,10
0,0,64
0,0,52
0,0,51
3,1,60
0,0,102
12,2,2
0,0,85
0,0,14
0,0,29
0,0,23
16,1,18
3,1,23
6,1,179
0,0,96
0,0,50
24,1,21
0,0,40
0,0,25
0,0,22
0,0,32
0,0,48
0,0,247
0,0,235
0,0,236
1,1,225
0,0,217
2,1,221
3,1,230
1,1,222
0,0,214
0,0,218
0,0,207
0,0,190
0,0,69
0,0,45
0,0,31
2,1,52
0,0,41
0,0,51
25,1,37
0,0,29
4,1,35
0,0,39
0,0,78
0,0,16
0,0,26
0,0,109
0,0,12
0,0,13
12,1,18
17,1,67
0,0,44
15,1,122
0,0,40
0,0,36
0,0,90
22,1,34
24,1,69
0,0,203
0,0,237
0,0,231
1,1,224
0,0,223
1,2,228
7,1,220
0,0,225
2,2,221
0,0,218
0,0,194
0,0,54
0,0,154
0,0,114
0,0,145
27,1,47
0,0,42
0,0,16
0,0,18
0,0,28
5,1,43
0,0,49
0,0,66
0,0,67
0,0,11
0,0,37
0,0,1
0,0,24
0,0,25
0,0,57
0,0,40
0,0,19
16,1,21
0,0,109
0,0,70
0,0,20
0,0,140
0,0,15
0,0,62
0,0,34
0,0,88
0,0,245
0,0,224
0,0,219
0,0,226
0,0,221
0,0,223
4,1,223
0,0,229
5,1,231
6,2,217
0,0,222
0,0,205
0,0,176
0,0,180
0,0,120
0,0,101
0,0,66
0,0,30
0,0,33
0,0,22
30,1,17
3,1,24
0,0,57
9,1,38
0,0,50
0,0,8
0,0,1
0,0,5
0,0,14
0,0,31
9,1,20
0,0,19
0,0,26
9,1,13
0,0,115
0,0,15
12,1,88
0,0,29
0,0,28
0,0,231
0,0,242
0,0,233
0,0,223
0,0,214
2,1,221
7,1,226
9,1,227
0,0,215
0,0,222
3,1,223
0,0,182
0,0,187
0,0,163
0,0,64
0,0,65
0,0,94
2,1,32
0,0,36
1,1,35
0,0,70
0,0,66
0,0,49
2,1,64
4,1,11
0,0,4
0,0,16
0,0,8
1,1,23
0,0,42
0,0,19
0,0,21
0,0,14
0,0,10
0,0,149
0,0,161
0,0,83
0,0,18
22,1,136
0,0,50
0,0,133
0,0,244
0,0,233
0,0,227
0,0,218
0,0,220
0,0,226
0,0,222
4,1,210
0,0,209
0,0,223
5,1,223
0,0,202
0,0,196
0,0,174
18,1,52
0,0,40
0,0,31
0,0,22
0,0,11
0,0,66
0,0,93
0,0,158
0,0,177
0,0,59
5,1,71
0,0,76
0,0,17
1,1,15
0,0,13
0,0,2
1,1,24
11,1,34
6,1,20
5,1,16
0,0,137
19,1,65
0,0,39
0,0,26
0,0,120
0,0,122
0,0,139
0,0,225
0,0,240
0,0,222
0,0,226
0,0,231
0,0,221
0,0,215
0,0,205
0,0,190
0,0,201
0,0,218
0,0,203
0,0,185
0,0,172
0,0,160
0,0,52
1,1,65
0,0,46
0,0,23
0,0,34
0,0,100
0,0,168
14,1,213
0,0,128
0,0,74
0,0,57
0,0,28
0,0,37
0,0,15
0,0,11
0,0,10
0,0,4
0,0,8
0,0,19
7,1,52
0,0,21
0,0,16
0,0,25
0,0,22
0,0,39
0,0,98
0,0,147
0,0,81
0,0,45
0,0,135
0,0,118
0,0,69
0,0,171
0,0,224
0,0,215
0,0,237
0,0,230
0,0,218
0,0,211
0,0,183
0,0,174
0,0,172
0,0,204
0,0,190
0,0,108
0,0,42
0,0,35
0,0,38
0,0,10
0,0,27
0,0,65
0,0,72
0,0,43
0,0,102
0,0,134
0,0,198
20,1,62
0,0,87
0,0,50
0,0,37
0,0,33
0,0,26
0,0,13
16,1,4
0,0,2
0,0,29
7,1,36
8,1,49
25,1,40
0,0,24
0,0,136
0,0,131
0,0,128
25,1,60
0,0,19
0,0,54
9,1,131
0,0,220
0,0,241
0,0,237
0,0,225
0,0,207
0,0,184
0,0,180
0,0,161
0,0,179
0,0,138
0,0,47
0,0,23
0,0,39
30,1,20
0,0,103
0,0,62
0,0,100
0,0,95
0,0,90
0,0,137
0,0,155
0,0,235
27,1,27
0,0,35
0,0,128
0,0,118
0,0,133
0,0,148
0,0,58
0,0,8
21,1,33
0,0,15
2,1,23
0,0,13
0,0,18
0,0,56
0,0,32
0,0,64
0,0,119
0,0,114
25,1,85
0,0,45
0,0,94
0,0,71
0,0,123
0,0,228
0,0,241
0,0,236
0,0,233
0,0,216
0,0,179
0,0,145
0,0,143
0,0,160
0,0,146
0,0,31
23,1,35
0,0,50
0,0,55
0,0,49
28,1,80
0,0,59
0,0,27
0,0,24
0,0,17
0,0,6
0,0,13
0,0,172
0,0,188
0,0,191
0,0,121
0,0,16
0,0,12
0,0,37
0,0,62
17,1,36
0,0,41
0,0,21
0,0,25
0,0,40
0,0,22
10,1,20
23,1,30
0,0,97
12,2,57
0,0,79
0,0,83
0,0,157
0,0,240
0,0,238
0,0,227
0,0,220
1,1,174
0,0,134
0,0,151
0,0,162
0,0,133
30,1,39
0,0,24
29,1,39
0,0,54
0,0,23
5,1,12
0,0,11
2,1,12
0,0,6
0,0,4
0,0,16
0,0,101
0,0,112
0,0,25
0,0,72
0,0,14
18,1,61
0,0,71
0,0,43
0,0,35
0,0,30
0,0,29
0,0,28
27,1,29
0,0,27
0,0,31
1,1,44
0,0,76
0,0,79
0,0,77
15,1,124
0,0,115
0,0,239
0,0,236
0,0,235
0,0,223
0,0,214
0,0,160
0,0,141
0,0,146
0,0,148
0,0,116
0,0,41
1,1,38
0,0,34
21,1,55
20,1,58
0,0,28
0,0,10
0,0,21
0,0,13
0,0,11
0,0,15
0,0,23
0,0,14
0,0,19
0,0,12
0,0,20
0,0,2
0,0,6
14,1,47
0,0,54
0,0,57
3,1,49
0,0,62
0,0,50
21,1,38
0,0,36
24,1,24
0,0,82
9,2,99
0,0,114
0,0,174
0,0,241
0,0,240
0,0,239
0,0,221
0,0,226
0,0,177
0,0,151
0,0,160
0,0,163
0,0,79
20,1,42
0,0,45
0,0,37
0,0,64
0,0,61
17,1,128
4,1,34
0,0,26
0,0,11
0,0,33
0,0,27
0,0,22
0,0,17
14,1,40
0,0,117
0,0,123
0,0,76
0,0,77
0,0,80
0,0,87
4,1,64
0,0,75
5,1,73
0,0,66
1,1,70
0,0,67
0,0,65
13,1,105
0,0,108
0,0,95
0,0,121
0,0,231
0,0,241
0,0,240
0,0,233
0,0,221
0,0,223
0,0,175
0,0,154
0,0,163
3,1,167
0,0,41
1,1,50
0,0,52
22,1,50
0,0,110
0,0,177
0,0,191
0,0,181
0,0,149
0,0,123
0,0,127
0,0,142
0,0,90
0,0,8
0,0,96
0,0,147
0,0,98
0,0,74
16,1,94
0,0,87
0,0,93
0,0,92
7,1,95
9,1,99
1,2,98
14,1,67
0,0,70
0,0,86
1,1,100
0,0,107
0,0,238
0,0,241
0,0,244
0,0,234
0,0,232
0,0,210
0,0,177
0,0,161
0,0,169
2,1,152
0,0,38
0,0,44
0,0,45
0,0,47
0,0,74
0,0,53
0,0,146
0,0,90
0,0,171
0,0,180
0,0,190
0,0,191
0,0,141
0,0,197
0,0,194
0,0,199
0,0,214
0,0,223
0,0,220
0,0,202
0,0,121
0,0,94
0,0,97
0,0,102
0,0,96
1,1,93
0,0,100
6,1,95
0,0,104
1,1,108
0,0,32
0,0,42
0,0,99
0,0,142
0,0,89
16,1,242
0,0,243
0,0,244
0,0,232
0,0,231
0,0,216
0,0,189
0,0,168
0,0,160
0,0,148
0,0,140
0,0,57
0,0,37
0,0,44
0,0,52
0,0,68
0,0,50
0,0,109
20,1,156
0,0,154
13,1,159
0,0,167
0,0,199
0,0,118
2,1,204
0,0,208
0,0,214
0,0,220
0,0,227
0,0,70
0,0,74
0,0,83
0,0,93
0,0,90
0,0,87
0,0,91
0,0,99
0,0,105
0,0,101
0,0,97
2,1,85
0,0,120
27,1,136
0,0,116
0,0,84
0,0,228
0,0,243
0,0,235
0,0,233
0,0,230
26,1,207
0,0,184
0,0,155
0,0,151
0,0,148
0,0,53
0,0,45
0,0,44
0,0,50
0,0,96
2,1,84
0,0,80
0,0,138
0,0,144
0,0,143
0,0,145
0,0,150
0,0,128
0,0,114
0,0,188
22,1,212
0,0,220
0,0,224
1,1,81
15,1,76
0,0,86
0,0,106
0,0,131
0,0,174
0,0,200
0,0,221
20,1,133
0,0,186
0,0,219
0,0,194
0,0,184
0,0,137
0,0,98
0,0,116
0,0,245
0,0,244
0,0,233
0,0,225
0,0,223
2,1,217
0,0,201
0,0,158
0,0,162
0,0,166
20,1,39
0,0,52
0,0,69
0,0,95
0,0,79
0,0,67
3,1,144
0,0,135
0,0,136
30,1,132
0,0,145
15,1,110
28,1,179
0,0,174
0,0,183
0,0,182
0,0,237
0,0,235
0,0,231
0,0,210
0,0,165
0,0,203
0,0,224
1,2,211
0,0,162
0,0,188
25,1,137
0,0,118
0,0,172
0,0,91
0,0,106
0,0,249
0,0,238
0,0,241
0,0,233
21,1,239
22,1,220
0,0,175
0,0,167
0,0,161
0,0,155
0,0,48
0,0,47
0,0,73
0,0,63
0,0,152
0,0,66
0,0,129
0,0,142
0,0,131
0,0,135
0,0,132
0,0,130
0,0,145
0,0,169
0,0,87
6,1,170
0,0,174
1,1,190
0,0,227
27,1,208
0,0,193
0,0,222
0,0,219
0,0,178
0,0,223
0,0,234
0,0,229
0,0,221
0,0,240
0,0,224
0,0,233
27,1,201
0,0,108
0,0,191
2,1,240
0,0,230
0,0,213
0,0,220
0,0,212
0,0,207
12,1,229
0,0,177
0,0,150
0,0,166
0,0,141
0,0,69
0,0,148
0,0,66
0,0,130
0,0,49
20,1,104
0,0,127
0,0,126
0,0,122
0,0,128
12,1,145
0,0,154
0,0,175
0,0,162
0,0,179
21,1,177
24,1,238
0,0,234
0,0,182
0,0,236
0,0,139
0,0,210
0,0,228
1,1,213
0,0,223
0,0,218
0,0,209
0,0,191
0,0,171
0,0,216
16,1,141
0,0,168
0,0,190
0,0,183
0,0,181
8,1,187
0,0,173
0,0,169
0,0,151
0,0,113
0,0,162
0,0,166
0,0,149
1,1,142
0,0,63
0,0,136
0,0,51
0,0,92
0,0,106
0,0,115
0,0,124
0,0,117
0,0,120
0,0,118
0,0,134
0,0,152
0,0,148
0,0,160
0,0,176
0,0,175
27,1,237
0,0,239
0,0,236
0,0,221
0,0,233
0,0,163
0,0,216
0,0,226
0,0,222
1,1,212
0,0,203
0,0,187
0,0,168
0,0,157
17,1,231
21,1,138
0,0,183
7,1,150
0,0,124
0,0,172
0,0,164
12,1,124
0,0,70
0,0,152
0,0,158
0,0,151
0,0,155
0,0,156
0,0,78
0,0,148
0,0,52
0,0,51
0,0,68
0,0,80
0,0,122
0,0,117
0,0,108
0,0,161
29,1,148
0,0,170
0,0,173
16,1,157
7,1,233
0,0,240
0,0,234
1,1,226
0,0,232
0,0,186
2,1,227
0,0,216
0,0,207
0,0,178
0,0,158
0,0,135
0,0,142
3,1,200
0,0,121
0,0,223
0,0,126
4,1,185
0,0,160
0,0,177
1,1,113
0,0,88
0,0,70
0,0,133
0,0,165
0,0,149
0,0,148
0,0,154
0,0,54
0,0,136
0,0,42
0,0,47
0,0,33
0,0,56
0,0,127
0,0,114
0,0,115
0,0,131
0,0,124
0,0,145
15,1,158
17,1,154
0,0,157
0,0,235
0,0,231
0,0,222
0,0,221
2,1,215
0,0,213
0,0,220
0,0,204
0,0,182
0,0,166
0,0,138
0,0,130
1,1,121
17,1,191
0,0,134
0,0,91
0,0,208
0,0,188
0,0,168
6,1,136
30,1,36
0,0,40
9,1,128
14,1,156
0,0,150
2,1,136
0,0,117
0,0,38
10,1,27
0,0,85
0,0,116
0,0,120
0,0,119
0,0,129
0,0,149
0,0,170
0,0,151
22,1,108
0,0,162
0,0,165
0,0,235
0,0,223
0,0,228
0,0,222
0,0,205
0,0,144
22,1,171
0,0,169
0,0,153
0,0,138
0,0,125
0,0,126
1,1,139
0,0,176
0,0,204
0,0,157
13,1,169
0,0,134
0,0,116
0,0,105
0,0,91
0,0,99
0,0,45
0,0,74
0,0,90
0,0,121
0,0,149
0,0,159
0,0,151
0,0,119
0,0,128
0,0,36
0,0,34
0,0,40
0,0,24
15,1,113
0,0,114
0,0,123
0,0,133
0,0,147
0,0,153
0,0,145
0,0,154
17,1,160
0,0,168
0,0,224
0,0,227
0,0,201
0,0,206
0,0,167
0,0,132
0,0,99
0,0,97
0,0,150
0,0,142
0,0,126
0,0,117
29,1,136
0,0,140
0,0,217
0,0,220
0,0,188
0,0,192
0,0,186
0,0,89
0,0,88
1,1,77
0,0,94
4,1,106
3,1,121
20,1,161
0,0,114
0,0,125
0,0,133
0,0,41
0,0,37
0,0,36
0,0,42
0,0,86
19,1,122
29,1,138
14,1,153
0,0,148
4,1,152
0,0,160
19,1,234
0,0,224
0,0,208
0,0,185
0,0,166
0,0,155
0,0,146
0,0,127
0,0,120
18,1,118
0,0,90
20,1,147
8,1,244
0,0,225
0,0,189
0,0,182
0,0,140
0,0,64
0,0,62
0,0,86
12,1,77
0,0,88
0,0,91
0,0,106
21,1,135
24,1,120
0,0,107
0,0,47
0,0,46
0,0,23
0,0,38
0,0,93
6,1,71
0,0,114
0,0,128
0,0,145
0,0,141
0,0,148
0,0,147
0,0,152
0,0,154
0,0,157
0,0,163
0,0,204
0,0,209
0,0,159
0,0,178
0,0,156
0,0,122
0,0,94
0,0,115
27,1,139
0,0,118
0,0,130
0,0,144
20,1,146
0,0,181
16,1,198
11,1,90
0,0,58
1,1,49
0,0,63
0,0,54
0,0,61
0,0,84
0,0,97
0,0,110
22,1,126
0,0,105
24,1,29
0,0,41
0,0,20
0,0,32
0,0,72
13,1,106
0,0,116
0,0,129
30,1,144
0,0,143
1,1,154
0,0,127
6,1,160
0,0,192
0,0,190
0,0,172
0,0,138
0,0,140
14,1,93
0,0,80
0,0,100
0,0,88
0,0,123
0,0,122
21,1,127
0,0,134
1,1,130
0,0,104
0,0,81
0,0,53
0,0,48
0,0,65
0,0,60
0,0,40
0,0,50
0,0,58
0,0,82
0,0,109
0,0,112
0,0,113
21,1,106
0,0,89
0,0,46
0,0,36
1,1,70
0,0,91
30,1,111
0,0,114
0,0,131
0,0,137
0,0,148
0,0,136
1,1,147
0,0,153
0,0,117
0,0,154
0,0,102
0,0,146
0,0,127
22,1,97
0,0,98
0,0,65
0,0,68
0,0,59
0,0,76
0,0,95
0,0,104
0,0,108
0,0,109
0,0,105
0,0,101
0,0,115
0,0,124
0,0,129
0,0,100
0,0,80
0,0,69
0,0,143
0,0,77
20,1,89
13,1,87
0,0,91
0,0,93
26,1,116
0,0,73
0,0,41
0,0,35
0,0,30
0,0,102
0,0,118
0,0,112
8,1,121
0,0,134
0,0,138
0,0,144
0,0,136
0,0,137
0,0,146
0,0,148
0,0,147
3,1,122
0,0,157
0,0,110
0,0,106
28,1,73
0,0,85
0,0,76
0,0,81
0,0,82
1,1,80
0,0,84
2,1,74
0,0,77
0,0,59
11,1,136
0,0,150
0,0,139
0,0,135
0,0,96
0,0,154
0,0,186
0,0,149
0,0,103
5,1,97
0,0,102
0,0,116
0,0,90
0,0,61
0,0,124
28,1,31
0,0,92
0,0,100
0,0,113
0,0,114
0,0,120
0,0,131
0,0,138
0,0,140
0,0,143
0,0,142
2,1,147
0,0,161
0,0,163
18,1,58
0,0,110
19,1,89
18,1,111
0,0,98
0,0,74
0,0,76
0,0,73
10,1,46
0,0,50
0,0,34
0,0,40
0,0,71
0,0,84
0,0,53
0,0,125
0,0,136
0,0,162
0,0,128
29,1,174
0,0,165
0,0,149
0,0,122
0,0,105
0,0,107
0,0,106
25,1,93
0,0,79
0,0,94
0,0,38
0,0,91
0,0,112
0,0,110
0,0,109
0,0,117
0,0,126
0,0,142
0,0,141
0,0,139
2,1,143
24,1,118
0,0,124
0,0,83
19,1,84
0,0,89
0,0,62
0,0,73
0,0,81
3,1,68
0,0,58
0,0,105
0,0,60
0,0,48
0,0,43
0,0,57
10,2,59
1,1,97
0,0,109
0,0,151
0,0,129
0,0,91
0,0,142
0,0,145
0,0,114
7,1,112
0,0,135
0,0,80
0,0,53
0,0,66
27,1,125
0,0,72
0,0,101
0,0,111
0,0,117
11,1,118
0,0,124
0,0,138
1,1,136
1,1,142
0,0,126
0,0,25
0,0,67
0,0,49
18,1,84
0,0,107
0,0,62
0,0,75
0,0,78
4,1,88
0,0,47
0,0,77
0,0,30
0,0,23
0,0,17
0,0,44
0,0,93
0,0,76
0,0,69
29,1,76
0,0,60
0,0,108
19,1,86
0,0,115
0,0,181
0,0,165
0,0,173
0,0,171
0,0,175
0,0,124
0,0,45
0,0,46
0,0,58
0,0,68
0,0,98
0,0,106
13,1,114
0,0,110
0,0,119
0,0,128
0,0,135
0,0,139
0,0,136
3,1,140
0,0,145
0,0,39
0,0,87
0,0,118
0,0,130
0,0,104
0,0,73
0,0,99
16,1,112
3,1,43
0,0,57
0,0,49
0,0,35
0,0,34
0,0,51
0,0,21
26,1,52
0,0,68
0,0,72
15,1,90
17,1,82
0,0,121
0,0,204
0,0,178
0,0,163
0,0,166
0,0,174
0,0,144
0,0,96
0,0,22
0,0,45
0,0,40
0,0,103
29,1,114
0,0,120
3,1,115
0,0,119
0,0,128
0,0,135
0,0,137
1,1,139
17,1,147
0,0,142
0,0,146
0,0,85
0,0,72
0,0,73
3,1,81
22,1,32
0,0,42
0,0,43
0,0,41
0,0,69
28,1,81
0,0,47
0,0,79
0,0,93
0,0,87
0,0,110
0,0,92
15,1,81
6,1,83
0,0,77
0,0,174
0,0,177
0,0,158
0,0,155
0,0,117
0,0,148
0,0,52
0,0,91
0,0,48
0,0,106
0,0,183
0,0,133
0,0,128
0,0,125
10,1,117
0,0,118
4,1,133
0,0,138
0,0,140
0,0,134
0,0,129
30,1,97
20,1,75
19,1,63
0,0,137
0,0,85
0,0,90
24,1,66
0,0,56
0,0,64
29,1,101
7,1,86
3,1,107
5,1,106
0,0,76
0,0,59
13,1,74
0,0,81
0,0,99
0,0,72
0,0,194
0,0,197
0,0,174
0,0,130
0,0,77
17,1,24
0,0,20
0,0,134
0,0,210
0,0,198
0,0,191
0,0,141
0,0,122
0,0,127
0,0,123
0,0,126
14,1,137
0,0,138
0,0,131
0,0,69
0,0,36
0,0,60
10,1,74
22,1,73
0,0,68
6,1,50
0,0,72
0,0,56
0,0,95
0,0,85
0,0,84
0,0,67
0,0,90
7,1,85
0,0,76
0,0,94
21,1,52
9,1,99
0,0,96
20,1,95
0,0,141
0,0,210
0,0,220
0,0,212
0,0,155
0,0,107
0,0,80
24,1,36
3,1,141
0,0,227
1,1,211
0,0,152
0,0,137
0,0,132
1,1,133
0,0,136
0,0,138
6,1,27
0,0,45
0,0,42
25,1,62
0,0,97
2,1,88
0,0,92
0,0,75
0,0,68
0,0,78
0,0,71
0,0,119
0,0,94
0,0,79
0,0,81
8,1,77
0,0,84
0,0,107
0,0,91
1,1,82
0,0,102
0,0,72
0,0,74
0,0,80
0,0,117
0,0,241
0,0,203
0,0,190
0,0,162
0,0,133
0,0,35
0,0,55
0,0,112
0,0,134
0,0,100
0,0,199
0,0,223
0,0,217
0,0,201
0,0,150
0,0,141
0,0,136
0,0,140
3,1,138
0,0,139
0,0,145
0,0,33
0,0,52
0,0,157
0,0,79
0,0,56
0,0,78
0,0,65
0,0,93
3,1,64
0,0,70
0,0,82
2,1,78
0,0,68
0,0,66
0,0,71
0,0,61
0,0,63
10,1,77
1,1,68
0,0,89
0,0,90
0,0,133
0,0,75
0,0,105
4,1,221
0,0,209
0,0,220
0,0,128
0,0,85
0,0,38
0,0,157
0,0,182
0,0,88
0,0,218
0,0,225
2,1,207
0,0,200
0,0,186
0,0,150
0,0,145
0,0,129
0,0,36
0,0,138
5,1,130
0,0,70
0,0,155
0,0,71
0,0,72
0,0,57
0,0,73
0,0,50
0,0,89
0,0,77
0,0,61
0,0,55
6,1,56
0,0,65
0,0,64
13,1,73
0,0,78
0,0,74
0,0,62
0,0,88
0,0,90
19,1,85
6,1,94
5,1,197
0,0,201
0,0,191
0,0,123
0,0,101
0,0,81
19,1,132
0,0,202
0,0,104
0,0,217
0,0,220
0,0,221
0,0,210
0,0,205
0,0,207
2,1,172
0,0,79
0,0,102
0,0,151
0,0,149
0,0,150
2,1,148
6,1,74
0,0,73
0,0,76
0,0,53
0,0,75
0,0,84
0,0,70
0,0,86
0,0,98
0,0,91
6,1,64
6,1,78
0,0,61
0,0,58
16,1,90
0,0,88
17,1,93
0,0,103
0,0,89
0,0,117
0,0,236
0,0,216
0,0,206
0,0,195
0,0,105
0,0,85
27,1,113
0,0,196
0,0,147
0,0,212
0,0,218
0,0,217
0,0,208
0,0,210
0,0,202
0,0,205
0,0,209
0,0,190
0,0,151
0,0,158
0,0,155
0,0,156
0,0,154
0,0,153
0,0,67
0,0,96
0,0,75
0,0,94
0,0,114
0,0,84
0,0,95
0,0,92
0,0,72
0,0,69
0,0,47
0,0,73
0,0,59
0,0,79
0,0,77
0,0,85
7,1,83
0,0,70
0,0,56
11,1,66
0,0,68
0,0,65
0,0,103
0,0,220
0,0,121
0,0,204
0,0,187
0,0,123
19,1,44
0,0,106
0,0,195
0,0,156
8,1,207
0,0,219
0,0,214
0,0,209
0,0,213
1,1,212
0,0,210
0,0,174
0,0,169
0,0,161
0,0,157
14,1,156
0,0,84
0,0,91
0,0,116
0,0,96
0,0,85
0,0,83
0,0,81
7,1,95
6,1,74
0,0,79
12,1,82
0,0,77
0,0,63
0,0,87
0,0,58
0,0,73
0,0,61
0,0,99
21,1,74
0,0,66
0,0,115
0,0,205
0,0,142
0,0,184
0,0,181
0,0,130
0,0,93
0,0,80
0,0,139
0,0,202
0,0,187
0,0,195
0,0,201
0,0,214
0,0,213
0,0,210
3,1,212
0,0,211
0,0,209
19,1,178
0,0,164
0,0,162
1,1,157
0,0,77
0,0,87
0,0,78
0,0,60
0,0,65
0,0,91
4,1,77
0,0,72
0,0,46
0,0,73
0,0,67
0,0,58
11,1,68
0,0,76
6,2,63
11,1,70
20,1,70
0,0,104
0,0,148
0,0,238
26,1,194
0,0,177
0,0,182
0,0,41
0,0,139
0,0,138
0,0,200
0,0,134
0,0,147
0,0,185
0,0,209
0,0,219
2,1,213
0,0,206
0,0,207
2,1,204
12,1,174
0,0,175
0,0,171
0,0,160
0,0,62
0,0,75
1,1,66
0,0,65
0,0,89
0,0,72
0,0,68
0,0,78
0,0,69
6,1,80
0,0,61
0,0,79
0,0,77
0,0,67
0,0,94
16,1,85
0,0,81
0,0,84
0,0,56
0,0,103
0,0,149
0,0,234
0,0,245
0,0,229
0,0,201
0,0,185
0,0,186
0,0,109
0,0,144
0,0,129
0,0,190
0,0,171
0,0,136
0,0,198
0,0,184
0,0,215
0,0,205
1,2,207
4,1,208
0,0,206
0,0,219
0,0,213
0,0,187
0,0,175
0,0,64
0,0,70
0,0,57
0,0,62
0,0,79
2,1,80
5,1,84
0,0,66
0,0,82
0,0,105
0,0,78
0,0,89
0,0,59
0,0,130
0,0,74
0,0,58
0,0,125
0,0,73
0,0,90
0,0,93
0,0,231
0,0,222
0,0,240
0,0,242
1,1,89
0,0,178
0,0,176
0,0,149
0,0,158
0,0,157
0,0,174
0,0,202
0,0,173
0,0,196
0,0,194
0,0,204
5,1,201
0,0,208
8,1,214
0,0,217
0,0,225
0,0,228
0,0,235
0,0,229
0,0,215
0,0,75
0,0,74
0,0,64
0,0,72
0,0,61
1,1,70
0,0,99
7,1,82
5,2,49
0,0,77
0,0,102
2,1,47
0,0,100
0,0,62
17,1,122
0,0,238
24,1,165
26,1,243
0,0,239
0,0,197
0,0,172
0,0,145
0,0,179
0,0,153
0,0,156
3,1,205
0,0,198
0,0,189
0,0,192
0,0,211
0,0,190
0,0,193
14,1,213
0,0,218
0,0,233
0,0,231
0,0,232
26,1,227
0,0,228
0,0,63
0,0,86
0,0,62
1,1,56
0,0,93
0,0,67
0,0,64
3,1,70
0,0,68
0,0,54
0,0,59
0,0,103
0,0,66
6,1,62
0,0,110
23,1,227
0,0,139
0,0,202
23,1,243
28,1,232
0,0,236
0,0,244
0,0,203
0,0,207
0,0,166
0,0,177
0,0,167
5,1,225
0,0,214
0,0,222
0,0,210
0,0,212
18,1,190
0,0,186
0,0,188
1,1,196
0,0,237
28,1,232
29,1,223
0,0,53
0,0,62
0,0,75
0,0,46
0,0,52
0,0,44
0,0,54
1,1,60
0,0,102
8,1,74
0,0,100
0,0,105
0,0,207
0,0,236
29,1,196
29,1,228
0,0,189
7,1,209
0,0,219
0,0,218
0,0,221
0,0,225
2,1,126
0,0,200
0,0,176
0,0,199
0,0,164
0,0,162
19,1,226
0,0,215
0,0,212
0,0,214
0,0,203
20,1,175
0,0,159
0,0,169
0,0,173
15,1,229
21,1,225
26,1,87
0,0,53
0,0,71
0,0,69
0,0,60
1,1,44
0,0,55
0,0,35
0,0,90
0,0,104
0,0,149
0,0,211
0,0,224
0,0,210
27,1,183
0,0,174
0,0,187
0,0,199
29,1,121
0,0,209
0,0,216
0,0,196
0,0,97
0,0,184
0,0,172
0,0,106
0,0,201
0,0,217
11,1,167
0,0,237
0,0,221
0,0,225
0,0,178
14,1,215
0,0,207
0,0,205
19,1,196
26,1,166
0,0,193
0,0,229
0,0,228
0,0,223
0,0,218
0,0,43
0,0,68
0,0,56
0,0,86
0,0,49
0,0,90
0,0,47
0,0,39
0,0,79
0,0,95
0,0,241
0,0,177
15,1,222
0,0,206
0,0,198
23,1,161
0,0,170
0,0,184
0,0,173
0,0,180
0,0,219
0,0,199
4,1,130
5,1,159
16,1,229
16,1,167
0,0,183
0,0,221
11,1,109
17,1,184
0,0,209
25,1,203
26,1,199
0,0,195
0,0,163
0,0,234
0,0,226
0,0,227
0,0,225
0,0,222
0,0,63
0,0,72
1,1,69
0,0,60
0,0,76
2,1,93
0,0,101
0,0,211
0,0,120
0,0,224
3,1,164
0,0,168
0,0,175
0,0,167
0,0,145
0,0,152
0,0,156
0,0,169
0,0,196
0,0,114
0,0,187
0,0,174
0,0,154
0,0,102
0,0,139
0,0,89
0,0,179
0,0,235
0,0,228
0,0,236
12,1,225
0,0,142
0,0,134
0,0,194
0,0,185
0,0,190
0,0,186
0,0,183
0,0,170
27,1,206
0,0,231
0,0,227
13,1,221
0,0,223
