0,1,2
0,0,79
0,0,96
0,0,94
0,0,72
0,0,43
0,0,47
0,0,33
0,0,49
2,1,45
0,0,68
0,0,52
0,0,122
0,0,86
0,0,116
0,0,44
0,0,61
0,0,63
18,1,104
0,0,190
0,0,137
0,0,92
0,0,105
0,0,181
0,0,253
0,0,240
0,0,233
0,0,228
0,0,227
0,0,229
5,1,227
0,0,88
1,1,174
18,1,81
0,0,112
0,0,87
0,0,101
3,1,230
0,0,237
18,1,242
0,0,244
0,0,245
2,1,242
2,2,240
0,0,241
0,0,172
0,0,148
0,0,205
0,0,92
0,0,153
0,0,85
0,0,170
0,0,57
0,0,98
0,0,143
7,1,103
8,1,69
0,0,8
0,0,116
3,1,105
10,1,109
0,0,114
1,1,108
0,0,115
0,0,82
0,0,104
0,0,89
0,0,112
0,0,122
0,0,119
0,0,121
0,0,101
0,0,83
0,0,91
0,0,60
0,0,41
0,0,71
0,0,80
0,0,88
22,1,108
0,0,96
1,1,97
18,1,73
30,1,52
0,0,44
0,0,40
0,0,38
0,0,4
0,0,33
0,0,29
0,0,17
0,0,62
0,0,111
0,0,85
0,0,92
1,1,171
0,0,74
0,0,150
0,0,107
0,0,154
0,0,245
0,0,232
0,0,234
0,0,236
0,0,229
0,0,223
0,0,206
0,0,178
0,0,167
0,0,115
0,0,105
0,0,125
0,0,113
0,0,81
0,0,76
0,0,97
0,0,157
10,1,234
0,0,237
0,0,238
0,0,241
0,0,242
0,0,243
1,1,244
1,2,105
22,1,172
0,0,114
0,0,82
0,0,53
0,0,146
0,0,64
0,0,106
0,0,189
0,0,94
29,1,63
0,0,4
0,0,132
0,0,139
0,0,130
0,0,68
0,0,116
0,0,109
0,0,113
0,0,107
3,1,98
16,1,100
0,0,112
0,0,85
0,0,111
26,1,113
11,1,115
13,1,102
0,0,119
25,1,111
27,1,100
15,1,102
16,1,90
0,0,101
0,0,96
21,1,99
23,1,101
0,0,76
0,0,72
0,0,52
0,0,92
0,0,89
0,0,103
0,0,110
29,1,92
0,0,95
0,0,93
0,0,97
0,0,74
0,0,68
0,0,46
0,0,59
0,0,64
0,0,87
14,1,95
0,0,109
27,1,103
20,1,77
0,0,71
13,1,115
0,0,157
0,0,116
0,0,106
0,0,91
0,0,83
0,0,229
0,0,238
0,0,232
0,0,231
0,0,237
0,0,230
1,1,241
0,0,236
2,1,238
0,0,123
0,0,158
0,0,187
0,0,78
0,0,74
0,0,99
0,0,67
0,0,150
24,1,118
0,0,124
0,0,10
0,0,141
0,0,148
1,1,145
6,1,68
0,0,100
0,0,93
0,0,113
0,0,97
0,0,106
18,1,109
0,0,111
0,0,102
0,0,98
0,0,103
24,1,116
0,0,128
8,1,110
0,0,108
13,1,112
14,1,103
0,0,105
0,0,95
18,1,93
0,0,92
5,1,84
0,0,90
20,1,102
0,0,66
0,0,69
0,0,89
0,0,94
10,1,89
0,0,97
30,1,101
0,0,87
7,1,103
0,0,91
14,1,97
30,1,104
18,1,96
21,1,100
30,1,91
17,1,105
23,1,78
0,0,60
0,0,55
0,0,51
0,0,61
0,0,77
29,1,75
22,1,111
0,0,169
0,0,129
0,0,126
0,0,229
0,0,227
0,0,232
2,1,226
0,0,133
21,1,56
0,0,84
0,0,59
0,0,66
0,0,63
1,1,60
26,1,21
0,0,117
0,0,146
0,0,145
2,1,150
0,0,138
0,0,127
0,0,78
16,1,96
0,0,113
0,0,99
0,0,108
13,1,104
3,1,102
0,0,97
9,1,103
0,0,109
2,1,101
15,1,108
0,0,114
0,0,87
0,0,107
19,1,95
12,2,107
0,0,106
0,0,116
0,0,92
0,0,93
21,1,66
0,0,118
29,1,102
0,0,113
27,1,89
0,0,112
17,1,92
30,1,92
15,2,96
25,1,100
0,0,104
16,1,83
13,1,99
0,0,94
19,1,90
0,0,101
1,1,100
0,0,97
0,0,103
22,1,95
28,1,98
0,0,108
6,1,101
8,1,92
26,1,92
27,1,94
0,0,58
0,0,73
0,0,70
0,0,75
0,0,74
28,1,58
0,0,45
0,0,46
0,0,63
0,0,26
0,0,131
0,0,137
0,0,148
0,0,154
0,0,133
0,0,149
0,0,147
0,0,140
0,0,122
0,0,66
16,1,92
4,1,104
0,0,95
0,0,108
0,0,88
0,0,100
5,1,96
0,0,99
0,0,85
0,0,110
0,0,116
0,0,89
5,1,106
0,0,94
9,1,100
0,0,101
0,0,102
0,0,115
7,1,102
0,0,90
0,0,97
20,1,89
0,0,86
0,0,117
30,1,86
24,1,102
0,0,103
19,1,106
0,0,93
13,1,93
3,1,90
27,1,89
12,2,117
22,1,105
0,0,95
0,0,112
0,0,91
3,1,101
0,0,80
14,1,93
25,1,97
27,1,99
0,0,104
28,1,104
15,1,97
0,0,109
14,1,110
27,1,111
0,0,107
0,0,69
0,0,76
0,0,55
0,0,74
0,0,77
30,1,72
0,0,51
0,0,27
0,0,118
0,0,146
0,0,144
0,0,149
0,0,142
0,0,115
3,1,148
7,1,143
0,0,123
19,1,118
0,0,112
0,0,104
0,0,84
20,1,110
0,0,109
0,0,98
0,0,108
0,0,103
0,0,102
28,1,89
0,0,99
2,1,126
0,0,105
0,0,111
8,1,98
0,0,106
0,0,100
12,1,95
12,1,96
0,0,79
28,1,71
25,1,119
0,0,73
29,1,96
9,1,99
0,0,117
30,1,111
0,0,92
17,1,98
0,0,18
0,0,91
0,0,93
10,1,111
0,0,94
13,1,105
3,1,95
0,0,90
6,1,98
0,0,101
4,1,98
9,1,98
0,0,110
0,0,109
0,0,103
0,0,108
2,1,96
3,1,108
0,0,97
7,3,93
0,0,65
0,0,43
0,0,69
0,0,159
0,0,128
0,0,100
5,1,116
0,0,146
0,0,151
0,0,145
2,1,140
0,0,137
0,0,153
0,0,150
0,0,143
0,0,152
0,0,144
0,0,126
0,0,66
0,0,117
27,1,114
0,0,111
29,1,103
0,0,101
0,0,98
0,0,104
25,1,97
0,0,89
4,1,89
13,1,103
0,0,93
9,1,103
0,0,99
0,0,90
0,0,96
3,1,92
0,0,72
0,0,68
0,0,65
0,0,63
0,0,61
0,0,140
0,0,81
0,0,60
0,0,91
13,1,91
14,1,101
28,1,112
0,0,87
0,0,98
0,0,80
0,0,31
0,0,105
0,0,94
0,0,106
0,0,97
30,1,88
30,1,76
0,0,103
0,0,107
23,1,89
16,1,62
0,0,111
14,1,97
23,1,100
0,0,110
0,0,118
21,1,101
21,1,115
30,1,111
0,0,113
19,1,96
0,0,78
0,0,60
7,1,89
0,0,33
0,0,116
0,0,152
0,0,150
2,1,147
0,0,148
1,1,145
0,0,154
1,1,148
0,0,149
0,0,155
0,0,143
14,1,85
0,0,121
0,0,100
25,1,103
0,0,110
0,0,99
3,1,98
6,1,100
3,1,92
0,0,109
0,0,87
7,1,102
0,0,108
0,0,90
7,1,96
10,2,106
0,0,89
0,0,83
26,1,67
0,0,73
0,0,157
0,0,56
0,0,46
0,0,63
27,1,105
0,0,95
29,2,94
25,1,75
30,1,101
25,1,99
0,0,107
0,0,120
14,1,106
7,1,111
16,1,104
0,0,102
0,0,77
0,0,89
0,0,82
0,0,85
13,1,102
17,1,104
0,0,74
11,1,103
0,0,113
15,2,85
24,1,111
0,0,118
20,1,95
0,0,66
0,0,76
0,0,49
0,0,98
0,0,142
1,1,144
1,1,143
3,1,145
1,1,148
7,1,141
2,2,141
0,0,137
0,0,117
0,0,81
0,0,94
0,0,96
0,0,106
0,0,93
2,1,100
0,0,101
29,1,101
0,0,85
1,1,104
0,0,90
14,1,105
0,0,102
0,0,110
16,1,88
0,0,98
14,1,99
0,0,97
17,1,86
0,0,72
0,0,44
0,0,112
0,0,69
0,0,74
0,0,83
9,1,93
16,1,105
14,1,125
19,1,96
23,1,98
9,1,87
0,0,84
25,1,98
0,0,107
27,1,95
0,0,106
0,0,113
18,1,111
30,1,104
0,0,94
24,1,97
4,2,94
30,1,96
0,0,102
1,1,90
0,0,115
0,0,143
2,1,112
0,0,108
0,0,119
0,0,80
0,0,44
26,1,140
0,0,144
10,1,146
1,1,143
5,2,144
1,2,143
12,1,141
6,2,133
0,0,129
0,0,75
0,0,63
0,0,49
0,0,104
0,0,100
0,0,85
0,0,102
0,0,87
0,0,92
30,1,73
0,0,94
0,0,79
0,0,76
0,0,74
0,0,98
0,0,93
10,2,96
0,0,105
2,1,93
0,0,82
0,0,88
17,1,79
0,0,81
0,0,78
6,1,89
7,1,106
0,0,107
0,0,103
1,1,108
0,0,109
0,0,112
0,0,100
0,0,99
26,1,98
7,1,102
0,0,119
7,1,107
29,1,98
0,0,104
18,1,98
3,1,101
30,1,95
21,1,94
0,0,93
6,1,96
0,0,128
13,1,97
0,0,88
0,0,131
28,1,104
0,0,113
0,0,53
0,0,59
0,0,43
0,0,111
0,0,134
0,0,144
0,0,151
0,0,147
0,0,146
0,0,150
0,0,148
6,1,147
5,1,143
7,1,144
3,1,142
11,1,146
5,2,122
0,0,102
0,0,77
0,0,87
0,0,49
0,0,100
0,0,79
0,0,90
0,0,82
6,1,93
0,0,81
0,0,92
0,0,75
0,0,57
0,0,85
4,1,94
0,0,110
0,0,106
0,0,99
20,1,99
0,0,91
0,0,86
0,0,101
9,1,91
0,0,111
0,0,109
10,1,98
27,1,110
29,1,107
4,1,95
3,1,95
0,0,108
13,1,93
26,1,102
0,0,97
26,1,109
30,1,108
0,0,104
0,0,103
15,1,87
0,0,112
25,1,91
14,2,111
0,0,101
14,1,88
3,1,97
0,0,90
20,1,106
0,0,44
0,0,21
0,0,56
0,0,121
0,0,137
0,0,144
0,0,143
0,0,146
0,0,149
1,1,148
3,1,145
0,0,142
9,1,145
11,1,148
13,2,143
14,1,147
11,1,147
0,0,141
0,0,134
0,0,128
0,0,120
0,0,101
0,0,64
0,0,76
2,1,100
3,1,96
0,0,94
0,0,86
0,0,89
0,0,93
0,0,50
0,0,83
9,1,83
6,1,98
10,1,93
0,0,88
1,1,90
12,1,93
3,1,95
18,1,94
0,0,91
8,1,110
27,1,96
0,0,102
30,1,112
0,0,106
0,0,105
1,1,100
0,0,108
6,1,95
3,1,111
29,1,102
0,0,107
0,0,124
16,1,115
0,0,99
27,1,93
14,1,100
20,1,91
26,1,86
27,1,111
0,0,38
0,0,19
0,0,94
0,0,117
0,0,129
0,0,142
0,0,149
0,0,147
0,0,140
3,2,146
0,0,148
0,0,150
0,0,145
0,0,144
0,0,141
2,1,144
9,2,144
8,1,145
18,1,145
0,0,152
12,2,146
0,0,143
15,1,126
0,0,114
0,0,85
0,0,55
0,0,84
0,0,75
0,0,94
0,0,82
0,0,88
0,0,113
0,0,107
0,0,71
0,0,97
0,0,129
0,0,74
0,0,59
0,0,35
0,0,54
13,1,105
19,1,116
0,0,127
0,0,44
0,0,48
0,0,70
0,0,77
0,0,102
0,0,95
0,0,91
0,0,110
0,0,100
3,1,96
1,1,93
0,0,101
0,0,99
0,0,109
0,0,106
0,0,121
14,1,107
0,0,115
4,1,105
15,1,92
17,1,105
23,1,106
25,1,105
12,1,128
21,1,106
0,0,112
0,0,75
0,0,28
3,1,134
0,0,139
0,0,142
0,0,146
0,0,149
0,0,153
0,0,152
0,0,147
0,0,144
6,1,147
0,0,151
0,0,150
0,0,148
0,0,145
0,0,137
3,1,141
11,1,147
0,0,143
1,1,145
20,1,148
13,1,140
13,1,150
25,1,150
23,1,141
0,0,128
0,0,121
0,0,97
0,0,72
0,0,55
0,0,92
0,0,158
0,0,73
0,0,8
0,0,15
0,0,68
0,0,49
1,1,75
0,0,60
0,0,94
0,0,99
0,0,124
0,0,160
0,0,184
0,0,187
0,0,181
0,0,177
0,0,176
0,0,175
19,1,172
9,1,127
15,1,26
0,0,29
0,0,51
0,0,56
27,1,71
0,0,88
0,0,108
0,0,100
0,0,84
0,0,87
0,0,81
0,0,82
0,0,90
0,0,93
0,0,77
0,0,89
9,1,96
0,0,103
12,1,89
0,0,104
0,0,102
6,1,108
18,1,101
25,1,114
0,0,95
16,1,104
0,0,105
0,0,80
29,1,37
0,0,35
0,0,5
0,0,11
0,0,10
0,0,7
0,0,4
4,1,9
0,0,0
0,0,14
7,2,9
0,0,12
0,0,42
0,0,8
1,1,14
3,1,64
0,0,24
0,0,18
0,0,16
14,1,17
0,0,76
0,0,15
0,0,23
0,0,20
5,1,39
3,1,39
0,0,80
30,1,13
0,0,116
0,0,112
0,0,75
0,0,84
0,0,85
0,0,83
0,0,81
0,0,87
2,1,77
0,0,63
0,0,91
18,1,33
22,1,25
0,0,66
0,0,163
0,0,157
0,0,162
0,0,164
4,1,151
0,0,142
0,0,155
0,0,86
0,0,144
0,0,172
0,0,159
0,0,189
0,0,184
0,0,180
0,0,181
0,0,191
0,0,182
6,1,182
0,0,167
0,0,139
0,0,107
0,0,98
0,0,88
0,0,69
0,0,53
0,0,84
0,0,89
0,0,83
0,0,66
6,1,72
4,1,91
0,0,100
0,0,97
15,1,78
0,0,74
15,1,48
0,0,36
0,0,77
15,1,72
0,0,28
0,0,26
0,0,42
0,0,60
0,0,24
0,0,44
0,0,25
0,0,22
0,0,59
0,0,12
0,0,18
0,0,7
3,1,66
0,0,9
0,0,11
0,0,14
0,0,13
2,1,84
0,0,20
1,1,21
18,1,42
0,0,71
0,0,3
0,0,98
17,1,9
0,0,112
0,0,106
0,0,64
0,0,79
0,0,97
0,0,88
0,0,93
0,0,91
0,0,100
0,0,105
0,0,99
14,1,100
12,1,98
0,0,118
0,0,120
0,0,131
0,0,128
0,0,104
0,0,132
0,0,146
0,0,138
0,0,154
0,0,177
0,0,162
0,0,185
0,0,175
0,0,183
0,0,65
0,0,60
0,0,50
0,0,41
0,0,30
0,0,19
0,0,73
25,1,65
0,0,58
0,0,45
0,0,56
0,0,67
0,0,103
0,0,145
0,0,157
0,0,158
0,0,161
0,0,143
0,0,151
0,0,180
0,0,176
27,1,178
25,1,189
0,0,179
0,0,169
0,0,138
0,0,87
0,0,68
0,0,63
0,0,64
0,0,74
0,0,101
0,0,34
0,0,29
0,0,88
0,0,57
0,0,31
0,0,26
0,0,69
0,0,100
0,0,7
0,0,59
0,0,4
0,0,35
0,0,109
0,0,15
1,1,17
0,0,13
0,0,14
0,0,102
2,1,3
0,0,8
0,0,9
6,1,73
9,1,143
0,0,49
0,0,23
0,0,94
0,0,55
0,0,95
0,0,93
15,1,88
0,0,75
0,0,83
0,0,86
0,0,82
0,0,72
0,0,64
17,1,84
0,0,60
6,1,131
0,0,133
0,0,135
13,1,132
3,1,130
0,0,149
2,1,99
0,0,85
0,0,56
17,1,102
0,0,92
0,0,100
0,0,103
0,0,96
25,1,95
0,0,93
12,1,78
1,1,93
0,0,101
7,1,92
0,0,74
0,0,83
1,1,82
18,1,57
0,0,59
0,0,36
0,0,27
0,0,22
0,0,20
0,0,13
1,1,87
0,0,11
0,0,37
0,0,67
0,0,98
0,0,122
0,0,136
0,0,127
0,0,186
0,0,141
3,1,143
3,1,122
0,0,80
0,0,14
0,0,142
0,0,16
0,0,28
0,0,107
0,0,10
0,0,15
24,1,15
0,0,12
0,0,69
11,1,16
27,1,12
0,0,5
24,1,8
0,0,144
0,0,1
11,1,91
0,0,99
19,1,51
0,0,66
0,0,77
0,0,76
0,0,93
0,0,94
0,0,102
0,0,84
0,0,81
5,2,89
0,0,126
0,0,135
0,0,137
0,0,130
0,0,88
0,0,131
0,0,112
0,0,124
0,0,90
18,1,61
0,0,95
0,0,98
0,0,55
0,0,104
3,1,90
0,0,91
0,0,71
0,0,65
0,0,67
3,1,80
0,0,97
0,0,87
0,0,96
12,1,106
0,0,119
0,0,105
0,0,109
0,0,108
0,0,114
19,1,113
3,1,111
0,0,117
0,0,100
0,0,116
3,1,120
3,1,95
13,1,106
20,1,74
12,1,71
0,0,144
0,0,139
0,0,133
14,1,127
0,0,58
0,0,69
0,0,6
0,0,7
0,0,4
0,0,34
28,1,14
0,0,17
0,0,10
0,0,15
0,0,13
0,0,63
5,1,13
6,1,9
14,1,142
0,0,8
0,0,159
0,0,30
0,0,16
0,0,94
0,0,77
0,0,84
0,0,88
0,0,82
0,0,74
0,0,107
0,0,70
7,1,80
0,0,53
0,0,60
5,1,68
4,1,126
0,0,132
0,0,130
1,1,126
5,1,131
0,0,133
0,0,112
0,0,113
0,0,118
0,0,142
24,1,61
0,0,99
0,0,101
0,0,102
0,0,100
0,0,103
0,0,85
0,0,96
7,2,99
0,0,106
11,1,102
0,0,105
0,0,115
0,0,108
0,0,111
3,1,116
13,1,116
25,1,118
0,0,107
0,0,72
20,1,71
0,0,65
10,1,45
0,0,49
0,0,74
0,0,73
7,1,82
0,0,63
1,1,132
0,0,89
0,0,166
0,0,119
0,0,94
0,0,44
0,0,14
0,0,17
0,0,20
0,0,34
0,0,92
0,0,50
19,1,53
0,0,27
0,0,30
1,1,37
0,0,10
1,1,8
0,0,7
0,0,152
5,1,136
0,0,102
0,0,60
0,0,76
0,0,70
0,0,91
0,0,118
0,0,80
0,0,64
0,0,110
0,0,87
0,0,94
10,1,71
0,0,89
0,0,145
0,0,83
0,0,78
12,1,110
0,0,114
0,0,124
16,1,116
0,0,122
0,0,129
17,1,102
0,0,98
0,0,112
13,1,72
0,0,90
0,0,109
0,0,106
18,1,98
0,0,70
0,0,79
23,1,68
0,0,56
0,0,67
0,0,39
0,0,37
0,0,38
0,0,52
0,0,97
20,1,109
21,1,93
18,1,106
0,0,107
0,0,118
0,0,96
0,0,105
4,1,109
0,0,128
0,0,108
0,0,53
0,0,45
0,0,34
0,0,31
0,0,36
0,0,33
0,0,22
19,1,42
0,0,86
0,0,163
16,1,34
0,0,9
0,0,18
0,0,14
0,0,26
0,0,99
0,0,60
0,0,56
16,1,23
0,0,30
0,0,44
0,0,25
0,0,32
0,0,12
0,0,7
0,0,10
0,0,125
0,0,13
0,0,142
0,0,126
0,0,96
0,0,97
0,0,54
0,0,94
0,0,121
0,0,89
0,0,70
17,1,120
0,0,63
25,1,105
1,1,121
28,1,57
0,0,61
0,0,99
0,0,85
0,0,91
0,0,64
12,1,91
8,1,78
0,0,81
0,0,87
0,0,95
0,0,111
0,0,83
29,1,105
0,0,114
0,0,98
0,0,36
15,1,103
7,1,96
30,1,69
27,1,70
0,0,110
11,1,81
10,1,116
0,0,108
25,1,113
0,0,117
0,0,115
1,1,108
0,0,122
0,0,126
0,0,109
0,0,118
29,1,78
19,1,63
0,0,50
0,0,48
0,0,41
0,0,24
0,0,94
0,0,31
0,0,21
0,0,13
0,0,7
0,0,17
0,0,12
0,0,22
0,0,16
0,0,40
0,0,77
0,0,34
0,0,33
0,0,51
0,0,42
0,0,32
0,0,23
0,0,44
0,0,14
13,1,10
17,1,96
3,1,130
0,0,117
0,0,93
0,0,97
0,0,112
2,1,124
0,0,118
0,0,129
5,1,107
0,0,114
0,0,116
0,0,102
0,0,75
0,0,137
0,0,104
0,0,94
0,0,74
5,1,94
0,0,88
24,1,99
0,0,29
0,0,92
0,0,111
0,0,86
0,0,127
29,1,111
0,0,90
11,1,107
30,1,111
20,1,103
29,1,46
0,0,72
27,1,86
0,0,97
0,0,118
0,0,121
18,1,98
0,0,83
0,0,58
0,0,70
0,0,74
0,0,94
0,0,108
0,0,115
18,1,114
1,1,122
15,1,113
24,1,85
0,0,90
0,0,77
1,1,48
0,0,47
0,0,31
0,0,57
0,0,14
0,0,16
0,0,38
0,0,37
0,0,32
1,1,30
0,0,25
9,1,55
0,0,42
7,1,43
1,1,45
0,0,40
6,1,14
0,0,12
0,0,11
0,0,10
29,1,12
0,0,103
0,0,96
0,0,113
0,0,104
0,0,123
0,0,120
0,0,118
0,0,132
2,1,110
0,0,107
7,1,127
0,0,137
0,0,135
0,0,131
11,1,115
0,0,106
0,0,144
2,1,137
0,0,124
17,1,123
0,0,100
8,1,119
3,1,100
0,0,85
0,0,93
0,0,92
0,0,103
0,0,104
0,0,91
0,0,113
0,0,90
0,0,112
4,1,32
0,0,38
25,1,118
0,0,84
0,0,43
0,0,98
0,0,111
6,1,111
0,0,105
0,0,88
0,0,75
0,0,58
0,0,72
25,1,91
0,0,126
0,0,120
12,1,101
0,0,95
9,1,83
13,1,84
0,0,49
1,1,31
0,0,51
0,0,17
0,0,16
0,0,47
0,0,44
0,0,37
0,0,39
0,0,36
0,0,14
10,2,32
0,0,29
7,1,35
0,0,28
0,0,12
0,0,23
17,1,17
0,0,13
0,0,9
0,0,56
2,1,87
0,0,93
0,0,95
0,0,100
0,0,98
0,0,79
0,0,92
1,1,95
6,1,83
0,0,103
0,0,119
0,0,115
0,0,124
0,0,128
0,0,126
0,0,114
0,0,116
0,0,132
0,0,117
0,0,127
0,0,125
1,1,120
0,0,122
13,1,125
14,1,118
0,0,85
5,2,120
14,1,108
16,1,123
20,1,118
26,1,105
20,1,114
0,0,99
0,0,111
18,1,124
19,1,123
0,0,119
0,0,121
0,0,113
0,0,110
20,1,112
21,1,102
0,0,93
0,0,107
0,0,103
6,1,85
0,0,81
0,0,45
0,0,71
22,1,78
0,0,52
0,0,83
0,0,21
0,0,79
0,0,44
0,0,42
0,0,40
3,2,30
0,0,27
1,1,34
8,1,36
0,0,29
6,1,14
0,0,15
2,1,22
0,0,17
20,1,39
0,0,7
0,0,117
0,0,115
0,0,111
0,0,96
0,0,89
0,0,105
3,1,90
0,0,83
5,1,79
0,0,84
0,0,87
10,1,68
0,0,97
0,0,95
0,0,106
0,0,92
0,0,101
12,1,85
19,1,100
0,0,118
0,0,112
0,0,125
0,0,130
0,0,133
0,0,129
0,0,109
2,1,125
0,0,123
0,0,140
2,1,112
0,0,127
1,1,116
0,0,111
4,1,115
3,1,123
0,0,114
0,0,108
2,1,114
10,1,108
22,1,115
8,1,117
1,1,113
3,1,107
3,1,115
24,1,121
0,0,118
0,0,91
0,0,153
24,1,112
28,1,114
14,1,63
14,1,119
0,0,103
0,0,80
0,0,72
0,0,65
0,0,60
0,0,53
0,0,39
0,0,38
0,0,100
0,0,35
0,0,83
0,0,73
0,0,64
3,1,104
0,0,74
0,0,71
0,0,86
0,0,77
0,0,116
0,0,110
1,1,97
0,0,108
10,1,112
0,0,125
0,0,123
28,1,106
0,0,96
0,0,93
0,0,107
11,1,71
19,1,75
0,0,85
28,1,96
0,0,98
10,1,100
0,0,92
26,1,84
16,1,85
16,1,80
7,1,88
0,0,111
30,1,113
0,0,114
0,0,116
17,1,109
0,0,122
1,1,130
0,0,102
10,1,116
0,0,124
0,0,120
8,1,104
27,1,121
14,1,78
0,0,90
0,0,118
1,1,121
0,0,103
12,1,110
6,1,133
8,1,97
5,1,121
0,0,105
10,1,123
10,1,87
0,0,134
18,1,94
0,0,82
0,0,73
0,0,93
0,0,109
0,0,113
0,0,125
0,0,132
3,1,119
29,1,107
0,0,127
0,0,111
0,0,115
30,1,108
0,0,126
14,1,94
0,0,101
0,0,96
28,1,100
30,1,99
0,0,98
0,0,95
6,1,109
19,1,109
21,1,104
24,1,109
16,1,106
27,1,122
0,0,133
0,0,136
8,1,107
0,0,92
0,0,111
0,0,137
0,0,93
28,1,94
0,0,89
4,1,90
0,0,82
0,0,86
0,0,85
12,1,29
0,0,62
0,0,72
0,0,80
0,0,97
0,0,81
2,1,103
29,1,117
0,0,108
0,0,115
3,1,116
0,0,99
0,0,131
0,0,129
0,0,123
0,0,122
0,0,109
0,0,111
0,0,110
0,0,118
10,1,114
0,0,89
5,1,130
0,0,112
22,1,104
0,0,66
0,0,87
1,1,105
7,1,137
30,1,84
0,0,100
0,0,102
0,0,96
1,1,107
16,1,119
0,0,124
0,0,127
0,0,128
1,1,125
0,0,122
2,1,118
0,0,120
0,0,109
15,1,100
29,1,109
0,0,114
0,0,110
0,0,121
3,1,126
0,0,123
0,0,113
0,0,117
13,1,108
9,1,118
5,1,113
0,0,115
0,0,98
0,0,107
20,1,93
4,1,115
25,1,113
16,1,117
19,1,113
0,0,99
19,1,127
0,0,101
0,0,85
0,0,90
0,0,95
0,0,87
0,0,92
4,1,88
0,0,74
0,0,86
0,0,78
23,1,90
0,0,84
0,0,89
0,0,94
0,0,83
0,0,97
3,1,93
0,0,69
18,1,94
0,0,132
0,0,81
0,0,103
0,0,124
0,0,109
0,0,119
0,0,135
0,0,99
6,1,120
8,1,117
0,0,72
0,0,100
0,0,92
0,0,112
5,1,114
3,1,107
11,1,123
0,0,106
21,1,101
0,0,108
0,0,121
22,1,110
0,0,95
0,0,97
25,1,115
0,0,105
0,0,102
27,1,102
24,1,104
0,0,91
16,1,106
0,0,122
10,1,115
29,1,109
26,1,118
0,0,116
8,1,109
6,1,129
0,0,130
15,1,123
0,0,113
30,1,109
0,0,124
12,1,113
0,0,121
22,1,120
22,1,119
2,2,113
14,1,108
0,0,103
0,0,111
30,1,112
0,0,114
15,2,111
0,0,107
0,0,106
0,0,96
0,0,99
0,0,100
20,1,108
0,0,97
6,1,96
6,1,101
0,0,93
0,0,82
10,1,97
0,0,81
0,0,68
0,0,73
8,1,106
0,0,123
0,0,116
26,1,114
0,0,132
9,1,109
4,1,112
8,1,108
0,0,127
0,0,122
0,0,120
0,0,113
0,0,99
0,0,102
0,0,103
0,0,131
0,0,119
0,0,86
0,0,104
0,0,96
7,1,120
0,0,117
0,0,110
29,1,117
0,0,100
27,1,110
23,1,117
0,0,105
26,1,105
20,1,107
0,0,106
11,1,104
3,1,96
0,0,98
6,1,107
15,1,98
0,0,118
26,1,100
0,0,127
23,1,102
12,1,101
3,1,112
0,0,119
0,0,108
0,0,89
12,1,96
11,1,114
0,0,109
27,1,100
0,0,103
12,1,111
26,1,107
25,1,111
17,1,113
9,1,102
24,1,96
0,0,93
0,0,105
28,1,105
0,0,130
10,1,128
0,0,88
21,1,100
21,1,99
15,1,114
3,1,83
0,0,66
0,0,97
9,1,104
0,0,84
2,1,102
14,1,97
14,1,87
0,0,119
0,0,80
0,0,118
0,0,107
0,0,108
4,1,88
0,0,106
0,0,105
26,1,103
0,0,98
2,1,111
22,1,112
0,0,113
25,1,116
0,0,96
12,1,119
22,1,98
27,1,101
0,0,110
0,0,109
22,1,99
27,1,104
18,1,103
26,1,109
20,1,127
0,0,122
0,0,93
0,0,121
23,1,109
16,1,125
8,1,130
1,1,117
13,1,104
24,1,115
0,0,102
24,1,115
8,1,109
0,0,108
1,1,123
25,1,96
0,0,112
25,1,112
0,0,124
4,1,104
15,1,105
0,0,111
2,1,104
16,1,120
23,1,108
7,1,107
29,2,112
22,1,116
0,0,114
11,1,113
30,1,107
0,0,101
29,1,84
0,0,72
0,0,95
0,0,106
25,1,102
30,1,90
29,1,88
1,1,99
25,1,105
12,1,89
0,0,92
18,1,95
13,1,105
24,1,116
10,1,104
22,1,115
0,0,110
22,1,109
28,1,76
17,1,105
7,1,111
0,0,97
10,1,103
4,1,101
0,0,93
0,0,99
0,0,94
24,1,99
5,2,106
12,2,113
0,0,107
0,0,114
2,1,119
0,0,122
0,0,118
0,0,125
7,1,106
0,0,123
28,1,112
0,0,117
0,0,104
13,1,109
3,1,100
7,1,108
19,1,114
9,1,104
23,1,103
27,1,124
30,1,105
0,0,116
23,1,126
3,1,110
0,0,84
0,0,91
0,0,93
0,0,107
0,0,99
0,0,102
0,0,79
25,1,109
14,2,101
4,1,93
0,0,98
0,0,76
0,0,94
0,0,88
17,1,94
0,0,96
1,1,117
24,1,106
0,0,97
21,1,96
0,0,120
0,0,103
16,1,98
30,1,102
0,0,112
26,1,101
0,0,119
0,0,114
0,0,95
14,1,109
7,1,114
10,1,92
30,1,106
0,0,107
20,1,110
21,1,102
0,0,76
0,0,88
0,0,84
26,1,111
1,1,105
0,0,104
0,0,115
2,1,116
3,1,119
0,0,121
0,0,120
0,0,123
19,1,114
24,1,111
26,1,105
15,1,128
7,1,116
0,0,117
17,1,125
0,0,129
0,0,113
0,0,102
0,0,97
7,1,106
19,1,95
19,1,127
0,0,122
19,1,126
13,1,105
0,0,101
0,0,98
25,1,99
13,1,102
14,1,104
0,0,103
17,1,101
0,0,100
4,1,108
0,0,94
8,1,94
10,1,116
16,1,87
0,0,107
0,0,97
0,0,109
20,1,97
0,0,106
28,1,97
8,1,105
0,0,89
26,1,109
8,1,106
24,2,97
30,1,106
0,0,98
0,0,91
0,0,80
2,1,92
9,1,104
0,0,117
26,1,94
28,1,108
0,0,100
15,2,105
24,1,107
18,1,108
16,1,93
0,0,101
0,0,96
0,0,87
16,1,108
0,0,90
0,0,111
14,1,112
25,1,100
0,0,103
0,0,120
0,0,113
6,1,110
3,1,105
0,0,114
11,1,119
0,0,102
0,0,116
0,0,124
17,1,113
20,1,111
13,1,106
17,1,126
3,1,108
13,1,95
23,1,114
9,1,107
1,1,101
13,1,100
0,0,104
12,1,101
0,0,77
0,0,99
25,1,94
3,2,104
20,1,107
7,1,103
0,0,92
0,0,110
5,2,106
0,0,98
20,1,127
0,0,112
18,1,105
25,1,96
21,1,96
23,1,97
17,1,88
0,0,95
15,1,99
0,0,100
28,2,97
14,1,90
4,1,111
0,0,109
0,0,118
0,0,113
27,1,108
0,0,115
28,1,94
0,0,106
0,0,107
0,0,122
0,0,120
0,0,105
30,1,94
15,1,119
0,0,123
13,1,111
0,0,114
29,1,115
0,0,95
21,1,97
18,1,104
20,1,99
0,0,98
23,1,116
0,0,129
30,1,104
0,0,96
0,0,89
30,1,101
29,1,101
0,0,102
17,1,103
0,0,113
12,1,98
24,1,104
11,1,106
28,1,100
12,1,100
12,1,92
0,0,95
17,1,97
26,1,110
19,1,90
0,0,87
6,2,103
27,1,95
30,1,125
11,1,119
0,0,111
16,3,108
26,1,109
0,0,107
30,1,96
0,0,86
2,1,90
4,1,108
8,1,101
0,0,105
1,1,93
24,1,103
18,1,104
17,1,106
19,1,110
15,2,102
29,1,98
0,0,88
0,0,99
19,1,110
0,0,89
0,0,109
12,1,103
27,1,99
0,0,92
30,1,89
23,1,100
10,1,112
30,1,91
26,2,115
0,0,117
18,1,116
0,0,128
10,1,113
25,1,104
0,0,118
12,1,118
0,0,84
0,0,96
1,1,103
0,0,97
0,0,98
5,1,88
0,0,93
0,0,99
0,0,108
0,0,105
0,0,90
0,0,94
6,1,102
0,0,95
16,1,100
29,1,106
1,1,90
0,0,116
6,1,87
0,0,78
0,0,111
0,0,101
21,1,94
18,1,97
5,1,112
0,0,110
8,1,108
10,1,105
20,1,115
0,0,113
0,0,103
29,1,90
4,1,111
0,0,104
14,1,116
12,1,104
0,0,109
27,1,116
0,0,120
7,1,118
25,1,114
13,1,114
10,1,103
5,1,94
30,1,102
7,2,102
5,1,106
1,1,107
12,1,108
0,0,76
0,0,73
0,0,72
0,0,96
0,0,101
1,2,106
22,1,98
0,0,97
25,1,77
0,0,83
14,1,101
26,1,100
9,1,101
0,0,105
0,0,99
30,1,117
0,0,112
30,1,100
28,1,105
22,1,107
0,0,113
5,1,108
0,0,104
15,1,101
16,1,99
12,1,95
4,2,90
19,1,114
17,2,130
0,0,116
0,0,111
0,0,102
24,1,105
20,1,111
0,0,119
29,1,99
0,0,109
30,1,112
0,0,115
0,0,110
1,1,97
0,0,94
28,1,114
7,1,118
21,1,96
0,0,79
0,0,85
25,1,118
26,1,117
19,1,107
22,1,100
0,0,106
0,0,124
24,1,94
28,1,116
22,1,115
24,1,109
26,1,100
0,0,92
13,1,94
26,1,85
28,1,95
25,1,101
18,1,106
20,1,103
22,1,98
0,0,105
13,1,94
12,1,106
21,1,95
7,1,98
0,0,93
1,1,94
20,1,93
15,1,94
0,0,92
0,0,87
0,0,97
0,0,84
4,1,89
0,0,85
2,1,88
4,1,90
28,1,118
0,0,111
0,0,113
0,0,119
0,0,133
0,0,108
26,1,104
0,0,110
0,0,99
0,0,103
0,0,100
1,1,99
13,1,106
0,0,107
0,0,96
0,0,114
4,1,104
0,0,102
6,1,105
8,1,133
18,1,122
11,1,116
15,1,102
0,0,84
16,1,95
19,1,106
0,0,97
0,0,101
18,1,102
0,0,115
0,0,108
0,0,109
1,1,110
0,0,113
26,1,101
6,1,118
0,0,104
0,0,112
24,1,107
26,1,104
12,1,103
0,0,99
21,2,93
26,1,94
0,0,96
1,1,91
0,0,89
0,0,87
0,0,129
9,1,111
6,1,77
1,1,87
0,0,90
30,1,96
2,1,100
0,0,105
21,1,91
0,0,85
0,0,88
0,0,61
7,1,82
0,0,124
0,0,118
10,1,94
29,1,102
0,0,106
0,0,92
0,0,114
0,0,97
0,0,116
1,1,123
0,0,95
10,2,99
22,1,93
0,0,76
0,0,65
0,0,98
0,0,107
0,0,103
21,1,89
0,0,87
10,1,103
13,1,93
6,1,95
27,1,102
0,0,100
0,0,111
0,0,101
0,0,113
0,0,112
17,1,102
0,0,115
15,2,109
1,1,116
12,1,115
15,1,123
0,0,114
18,1,105
0,0,104
0,0,94
3,1,106
0,0,96
16,1,99
0,0,68
0,0,67
0,0,82
0,0,84
0,0,97
0,0,90
0,0,89
0,0,87
0,0,81
0,0,88
3,1,91
0,0,93
0,0,86
6,1,89
10,1,90
0,0,85
0,0,72
0,0,64
0,0,59
0,0,80
1,1,76
0,0,128
0,0,126
0,0,107
0,0,119
0,0,144
0,0,139
0,0,113
0,0,95
27,1,97
0,0,96
0,0,99
0,0,101
0,0,77
7,1,86
0,0,67
0,0,109
0,0,100
0,0,102
0,0,83
12,1,94
5,1,98
14,1,90
0,0,88
20,1,80
4,1,98
14,1,75
0,0,78
25,1,108
0,0,82
0,0,68
13,1,95
6,1,100
8,1,93
0,0,87
2,1,100
23,1,109
0,0,112
0,0,104
0,0,103
29,1,83
11,1,95
20,1,99
0,0,94
0,0,97
0,0,106
30,1,104
12,1,117
0,0,107
0,0,102
19,1,119
30,1,111
0,0,86
29,1,94
0,0,88
0,0,72
0,0,68
0,0,78
20,1,98
0,0,90
0,0,92
0,0,96
20,1,104
29,1,90
18,1,71
0,0,74
22,1,139
0,0,89
0,0,80
0,0,133
0,0,124
0,0,106
0,0,84
1,1,97
19,1,106
18,1,106
0,0,101
0,0,127
10,1,122
21,1,105
23,1,75
30,1,107
14,1,95
0,0,82
0,0,85
26,1,98
28,1,88
0,0,86
0,0,83
0,0,87
0,0,94
18,1,96
24,1,100
0,0,102
2,1,100
9,1,109
7,1,110
0,0,99
19,1,85
0,0,90
29,1,96
0,0,75
23,1,104
0,0,93
18,1,96
0,0,106
24,1,99
7,1,99
0,0,78
0,0,103
29,1,99
0,0,92
4,1,105
0,0,114
7,1,91
6,1,72
12,1,97
5,1,82
20,1,91
0,0,84
0,0,94
28,1,99
0,0,101
26,1,103
0,0,87
22,1,81
0,0,136
0,0,116
0,0,98
0,0,75
30,1,110
0,0,123
0,0,106
0,0,77
0,0,126
23,1,76
0,0,105
0,0,104
0,0,130
0,0,122
0,0,147
0,0,115
17,1,113
0,0,111
0,0,102
9,1,109
17,1,111
0,0,72
0,0,101
0,0,95
0,0,93
0,0,88
0,0,94
0,0,92
1,1,97
1,1,104
6,1,94
0,0,96
0,0,100
2,1,85
0,0,90
12,1,99
0,0,86
0,0,89
9,1,87
0,0,77
20,1,99
0,0,91
25,2,98
26,1,93
17,1,88
0,0,105
6,1,97
0,0,102
23,1,87
0,0,75
0,0,95
25,1,100
30,1,100
10,2,97
7,2,103
11,1,97
0,0,107
0,0,101
20,1,93
14,1,101
0,0,99
18,1,95
22,1,89
0,0,76
0,0,73
0,0,88
22,1,95
0,0,77
7,1,93
18,1,98
15,1,98
3,1,92
22,1,106
0,0,134
0,0,142
0,0,119
0,0,111
0,0,127
0,0,120
0,0,115
0,0,132
0,0,81
0,0,91
16,1,77
26,1,80
0,0,94
0,0,96
0,0,103
24,1,96
0,0,97
29,1,81
0,0,70
25,1,80
0,0,89
29,2,95
0,0,101
20,1,92
7,2,102
15,1,98
0,0,115
23,1,87
28,1,79
3,1,118
0,0,91
26,1,95
0,0,109
0,0,94
11,1,101
13,1,88
8,1,96
0,0,90
0,0,103
2,1,94
28,1,101
16,1,105
25,1,97
0,0,99
28,1,108
0,0,100
0,0,110
24,1,103
7,1,103
26,1,104
11,1,85
0,0,83
24,1,93
0,0,98
12,1,88
0,0,80
2,1,101
22,1,92
15,1,88
3,1,96
9,1,96
25,1,107
5,1,92
19,1,100
30,1,93
15,1,120
0,0,122
20,2,101
28,1,94
23,1,72
0,0,64
0,0,74
1,1,90
0,0,81
0,0,86
2,1,87
11,1,105
17,1,100
24,1,100
0,0,112
19,1,108
20,1,103
7,1,102
0,0,109
0,0,106
2,1,101
0,0,91
0,0,83
30,1,99
21,1,95
22,1,86
28,1,83
0,0,84
16,1,100
18,1,94
25,1,100
0,0,107
25,1,98
18,2,105
26,1,99
0,0,93
0,0,92
12,1,103
4,1,90
0,0,87
2,2,101
25,1,83
16,1,97
0,0,89
28,1,91
28,1,101
6,1,93
0,0,85
17,1,102
0,0,86
30,1,97
0,0,96
17,1,98
7,1,100
0,0,111
0,0,95
23,1,89
30,1,103
15,1,103
29,1,87
0,0,84
0,0,79
1,1,70
0,0,119
0,0,77
12,1,104
0,0,105
1,1,97
0,0,101
23,1,103
26,1,102
0,0,99
6,1,97
0,0,98
0,0,92
0,0,96
26,1,106
12,1,96
0,0,93
0,0,110
18,1,112
0,0,95
12,1,101
21,1,99
23,1,101
0,0,94
17,1,98
21,1,96
23,1,93
26,1,96
20,1,89
0,0,83
1,1,93
0,0,85
0,0,74
0,0,69
0,0,81
0,0,82
28,1,98
25,2,105
0,0,103
2,1,91
0,0,95
0,0,90
1,1,108
9,1,102
1,1,101
0,0,104
1,1,98
28,1,90
0,0,96
19,1,99
16,1,89
19,1,90
0,0,80
0,0,86
0,0,85
0,0,84
13,1,96
0,0,87
27,1,95
0,0,97
20,1,98
25,1,93
0,0,100
0,0,118
20,1,94
26,1,90
0,0,107
23,1,97
11,1,94
11,1,101
22,1,96
0,0,103
16,1,94
25,1,96
17,1,98
0,0,102
0,0,87
1,1,93
30,1,85
21,1,95
17,1,101
21,1,96
12,1,94
23,1,89
0,0,78
0,0,92
13,1,82
0,0,80
0,0,86
0,0,84
0,0,72
0,0,81
0,0,57
3,1,89
0,0,70
8,1,92
0,0,105
27,1,122
17,1,97
1,1,107
29,1,103
0,0,108
0,0,100
0,0,93
0,0,87
29,1,74
0,0,99
1,2,97
0,0,96
0,0,106
25,1,92
0,0,79
0,0,104
21,1,86
0,0,82
9,1,88
27,1,84
6,2,90
13,1,92
0,0,98
0,0,105
20,1,105
30,1,105
0,0,108
0,0,102
8,1,89
0,0,115
10,1,100
0,0,99
7,1,99
0,0,112
0,0,94
14,1,96
30,1,92
29,1,99
17,1,95
1,1,86
15,1,108
0,0,84
0,0,97
0,0,83
16,1,95
0,0,79
1,1,88
29,1,89
23,1,86
0,0,91
0,0,64
27,1,78
26,1,78
0,0,87
4,1,85
14,1,99
26,1,78
0,0,100
29,1,87
0,0,92
25,1,97
9,1,92
30,1,105
0,0,113
0,0,106
0,0,112
16,1,105
20,1,90
19,1,83
22,1,95
0,0,89
27,1,98
0,0,107
0,0,103
5,1,101
1,1,110
0,0,111
21,1,102
10,1,101
29,1,94
10,1,102
16,1,100
27,1,97
0,0,108
0,0,96
25,1,80
3,1,91
7,1,86
30,1,82
5,1,93
0,0,83
4,1,100
0,0,92
27,1,103
0,0,104
11,1,90
30,1,98
0,0,99
25,1,98
0,0,88
4,1,94
8,1,102
3,1,91
6,2,93
0,0,106
15,1,95
19,1,92
23,1,100
29,1,89
23,2,96
17,2,98
0,0,103
0,0,65
27,1,92
0,0,105
18,1,106
28,1,97
30,1,107
1,1,100
9,1,98
24,1,106
26,1,92
8,2,93
6,2,101
20,1,98
0,0,89
4,1,120
24,1,95
25,1,100
30,1,92
28,1,94
29,1,98
0,0,99
0,0,86
0,0,96
0,0,90
8,1,88
0,0,91
0,0,82
21,1,89
0,0,78
30,1,83
0,0,75
0,0,85
3,1,90
0,0,87
19,1,109
28,1,99
0,0,104
0,0,95
1,2,86
1,2,98
13,1,90
9,1,87
0,0,96
24,1,103
26,1,94
18,1,98
0,0,106
0,0,105
8,1,100
0,0,101
4,1,100
27,1,94
0,0,92
16,1,87
0,0,69
23,2,82
19,1,90
15,1,96
0,0,88
12,1,90
29,1,96
0,0,109
0,0,107
27,1,110
0,0,104
0,0,102
0,0,108
5,1,91
30,1,92
9,1,105
29,1,108
22,1,114
0,0,103
23,1,105
27,1,95
0,0,115
0,0,94
19,1,104
0,0,99
1,1,97
0,0,98
0,0,89
0,0,87
27,1,113
11,1,103
18,1,83
30,1,99
12,1,86
0,0,90
20,1,97
0,0,93
16,1,99
0,0,96
21,1,100
9,1,102
28,1,95
17,1,113
0,0,109
0,0,92
0,0,85
28,1,93
0,0,118
