0,1,2
0,0,144
0,0,145
0,0,140
0,0,165
0,0,152
0,0,125
0,0,156
0,0,164
0,0,173
0,0,205
0,0,147
0,0,160
0,0,181
0,0,169
0,0,185
0,0,180
0,0,167
0,0,201
0,0,158
0,0,177
0,0,149
6,1,158
0,0,187
0,0,157
0,0,155
0,0,154
19,1,147
0,0,118
0,0,106
0,0,136
0,0,202
0,0,170
0,0,142
17,1,195
0,0,166
0,0,208
0,0,227
0,0,188
23,1,145
0,0,130
0,0,101
0,0,93
0,0,86
0,0,87
0,0,77
0,0,74
3,1,95
3,1,111
0,0,103
0,0,100
3,1,105
0,0,122
2,1,127
0,0,126
0,0,125
5,1,120
0,0,135
0,0,117
0,0,114
0,0,116
0,0,107
0,0,119
0,0,106
5,1,128
0,0,115
7,1,117
0,0,94
28,1,84
0,0,67
0,0,44
0,0,45
0,0,54
0,0,56
0,0,43
0,0,35
0,0,36
0,0,39
0,0,55
0,0,68
1,1,79
0,0,81
0,0,166
30,1,161
0,0,146
0,0,154
0,0,140
0,0,142
0,0,159
0,0,193
0,0,144
6,1,147
0,0,171
0,0,170
0,0,173
0,0,205
0,0,172
0,0,204
1,1,162
0,0,160
9,1,153
0,0,137
13,1,180
6,1,148
0,0,103
0,0,150
0,0,124
0,0,145
0,0,149
0,0,136
20,1,168
0,0,206
0,0,199
0,0,131
0,0,176
0,0,195
0,0,174
0,0,66
0,0,104
0,0,97
0,0,111
0,0,95
0,0,107
0,0,87
0,0,109
0,0,81
0,0,89
9,1,100
0,0,110
0,0,112
2,1,100
0,0,118
0,0,123
0,0,117
0,0,141
0,0,130
0,0,121
6,1,128
0,0,115
0,0,129
0,0,108
0,0,114
0,0,124
4,1,114
4,1,119
23,1,92
26,1,74
0,0,59
0,0,40
0,0,44
0,0,53
0,0,49
0,0,51
0,0,48
1,1,39
7,2,59
0,0,68
0,0,58
0,0,81
0,0,145
0,0,187
0,0,133
0,0,153
0,0,148
0,0,130
0,0,141
4,1,157
0,0,162
6,1,141
0,0,194
4,1,168
3,1,187
0,0,208
0,0,149
1,1,160
0,0,185
0,0,170
21,1,183
11,1,137
0,0,204
0,0,106
0,0,121
0,0,123
0,0,127
16,1,169
0,0,139
0,0,174
0,0,222
0,0,206
0,0,145
0,0,173
0,0,126
0,0,107
0,0,102
0,0,82
0,0,95
0,0,84
0,0,99
0,0,100
0,0,85
0,0,113
0,0,80
0,0,94
4,1,107
0,0,96
0,0,105
0,0,89
0,0,112
0,0,124
28,1,114
3,2,131
0,0,135
25,1,126
0,0,128
0,0,119
12,1,108
22,1,120
18,1,98
1,1,99
0,0,68
0,0,52
0,0,41
0,0,63
0,0,49
0,0,70
1,1,68
0,0,79
0,0,59
0,0,40
9,1,56
0,0,36
0,0,58
0,0,61
0,0,114
0,0,185
0,0,162
0,0,138
0,0,144
0,0,164
0,0,142
0,0,170
0,0,169
0,0,152
0,0,140
0,0,216
0,0,199
0,0,168
0,0,198
0,0,172
0,0,150
0,0,204
0,0,203
0,0,191
0,0,130
3,1,171
0,0,193
0,0,157
21,1,157
0,0,174
0,0,151
0,0,166
21,1,161
0,0,147
0,0,185
0,0,189
0,0,127
25,1,230
0,0,196
0,0,180
0,0,146
0,0,104
0,0,113
0,0,106
0,0,82
0,0,101
0,0,89
0,0,93
0,0,98
0,0,94
0,0,102
0,0,99
3,1,107
10,1,119
0,0,85
0,0,121
1,1,104
0,0,128
0,0,124
0,0,123
0,0,130
0,0,126
10,1,124
0,0,132
6,1,111
29,1,105
0,0,110
0,0,129
0,0,116
0,0,108
0,0,96
0,0,69
0,0,68
0,0,47
0,0,45
0,0,48
0,0,71
0,0,75
0,0,66
0,0,86
0,0,67
0,0,58
0,0,61
0,0,54
0,0,38
0,0,59
0,0,72
15,1,39
0,0,188
0,0,156
30,1,189
4,1,175
1,1,177
0,0,174
0,0,155
0,0,169
11,1,155
0,0,208
0,0,167
0,0,193
0,0,196
0,0,183
18,1,193
0,0,192
0,0,180
0,0,143
0,0,133
0,0,195
0,0,164
0,0,179
0,0,159
0,0,206
0,0,176
0,0,171
0,0,172
0,0,173
26,1,195
0,0,228
0,0,212
27,1,175
0,0,148
0,0,86
0,0,103
0,0,76
0,0,74
0,0,94
0,0,83
0,0,101
0,0,58
0,0,85
0,0,95
0,0,87
0,0,113
11,1,122
0,0,109
0,0,98
15,1,115
0,0,132
0,0,126
2,2,124
0,0,111
0,0,134
0,0,137
0,0,125
0,0,123
13,1,104
0,0,108
0,0,116
5,1,115
17,1,102
0,0,62
0,0,54
2,1,66
0,0,76
0,0,90
0,0,79
0,0,91
0,0,72
0,0,70
0,0,69
0,0,63
0,0,59
12,1,36
0,0,60
8,1,63
0,0,164
0,0,161
0,0,186
0,0,147
0,0,204
0,0,145
0,0,211
0,0,170
0,0,126
0,0,143
0,0,159
0,0,180
0,0,154
0,0,157
0,0,198
0,0,202
2,1,160
4,1,178
19,2,157
0,0,197
0,0,182
0,0,228
0,0,98
0,0,128
0,0,205
12,1,167
0,0,196
0,0,140
0,0,221
0,0,183
0,0,177
0,0,187
25,1,109
0,0,90
0,0,65
0,0,79
0,0,75
0,0,92
0,0,97
0,0,91
0,0,89
0,0,85
3,1,84
0,0,112
6,1,119
9,1,86
0,0,113
0,0,110
0,0,101
0,0,127
4,1,116
0,0,129
0,0,124
0,0,122
3,1,126
0,0,104
15,1,117
0,0,107
0,0,95
14,1,117
0,0,111
0,0,93
0,0,92
0,0,61
0,0,65
0,0,55
0,0,67
0,0,74
0,0,81
7,1,73
0,0,78
0,0,96
0,0,76
0,0,63
0,0,80
0,0,41
0,0,40
0,0,54
0,0,64
0,0,36
0,0,171
0,0,168
0,0,189
0,0,175
0,0,164
0,0,198
0,0,172
0,0,127
0,0,169
5,1,160
0,0,182
0,0,162
0,0,190
0,0,185
3,1,166
0,0,177
18,1,153
12,1,117
21,1,171
11,1,135
0,0,137
0,0,216
0,0,128
0,0,180
25,1,182
16,1,222
0,0,174
7,1,172
0,0,93
0,0,79
0,0,89
0,0,94
2,1,53
0,0,98
0,0,77
0,0,107
2,1,101
0,0,81
0,0,105
0,0,114
6,1,100
0,0,95
0,0,90
0,0,97
0,0,112
0,0,106
0,0,111
0,0,124
0,0,120
2,1,117
0,0,126
1,1,108
0,0,119
5,1,101
0,0,96
0,0,102
19,1,119
0,0,118
0,0,99
0,0,80
0,0,64
0,0,56
0,0,70
0,0,69
0,0,85
0,0,83
0,0,88
0,0,94
4,1,84
0,0,82
0,0,76
0,0,71
0,0,67
0,0,41
0,0,49
0,0,47
17,1,188
0,0,184
0,0,193
0,0,180
0,0,114
0,0,135
0,0,174
0,0,162
0,0,171
0,0,173
0,0,152
0,0,183
0,0,129
5,1,202
0,0,161
0,0,172
0,0,163
0,0,157
0,0,166
13,1,176
3,1,158
0,0,179
0,0,165
24,1,195
0,0,186
0,0,189
0,0,121
0,0,151
0,0,154
0,0,133
0,0,150
0,0,180
0,0,79
0,0,92
0,0,106
0,0,103
0,0,113
0,0,75
6,1,62
0,0,100
0,0,70
0,0,111
0,0,67
0,0,115
0,0,97
0,0,112
0,0,99
0,0,98
0,0,101
0,0,88
9,1,117
0,0,116
0,0,96
15,1,123
11,1,111
0,0,122
25,1,110
0,0,124
0,0,120
0,0,119
2,1,110
0,0,108
0,0,102
24,1,91
0,0,65
0,0,52
0,0,48
0,0,77
0,0,70
0,0,86
0,0,87
0,0,89
19,1,80
6,1,73
0,0,74
0,0,71
0,0,57
0,0,44
0,0,36
0,0,56
17,1,200
0,0,180
0,0,166
0,0,154
0,0,121
0,0,157
0,0,158
0,0,151
6,1,176
0,0,167
0,0,146
0,0,125
0,0,128
0,0,178
0,0,210
0,0,190
0,0,116
17,1,177
0,0,168
0,0,174
22,1,249
0,0,241
0,0,213
0,0,171
0,0,185
0,0,186
0,0,179
26,1,152
4,1,153
0,0,203
0,0,119
0,0,86
0,0,90
0,0,92
0,0,97
0,0,77
0,0,67
0,0,87
0,0,96
0,0,88
7,1,93
0,0,95
9,1,94
0,0,113
0,0,107
6,1,96
0,0,115
0,0,103
0,0,118
0,0,102
7,1,106
0,0,111
0,0,116
0,0,135
0,0,110
0,0,99
0,0,109
0,0,123
17,1,120
0,0,125
0,0,117
11,1,98
0,0,85
0,0,74
0,0,60
0,0,59
0,0,65
0,0,70
0,0,63
7,1,96
25,1,110
3,1,96
0,0,77
0,0,43
0,0,62
0,0,44
0,0,23
0,0,48
0,0,54
0,0,52
0,0,188
0,0,186
0,0,171
0,0,137
0,0,99
0,0,153
0,0,163
0,0,127
0,0,148
0,0,152
0,0,174
0,0,131
0,0,116
26,1,183
0,0,204
0,0,161
0,0,168
0,0,178
0,0,182
6,1,245
0,0,255
0,0,252
1,1,238
0,0,155
10,1,192
0,0,176
1,1,136
1,1,123
0,0,98
0,0,100
0,0,91
0,0,97
0,0,89
0,0,94
0,0,76
0,0,80
0,0,90
0,0,79
9,1,98
0,0,101
13,1,103
1,1,90
0,0,113
1,1,80
0,0,99
21,1,123
0,0,125
0,0,128
25,1,99
0,0,129
0,0,146
0,0,114
0,0,105
28,1,120
0,0,109
0,0,121
0,0,116
0,0,106
27,1,97
0,0,78
0,0,67
0,0,57
0,0,66
0,0,47
0,0,75
0,0,61
0,0,65
0,0,85
28,1,79
0,0,86
0,0,92
0,0,77
9,1,65
0,0,59
0,0,38
0,0,32
0,0,51
0,0,46
0,0,179
0,0,156
1,1,166
0,0,171
0,0,160
0,0,198
0,0,144
0,0,153
0,0,143
0,0,139
0,0,145
0,0,146
0,0,97
0,0,184
0,0,190
0,0,162
0,0,152
6,1,154
0,0,235
0,0,250
0,0,252
1,1,250
0,0,249
0,0,251
0,0,206
21,1,120
0,0,178
0,0,138
0,0,127
0,0,98
0,0,109
0,0,148
0,0,99
0,0,123
0,0,94
0,0,82
0,0,108
5,1,83
0,0,92
0,0,101
0,0,71
17,1,101
0,0,111
0,0,80
0,0,95
0,0,91
10,1,125
0,0,112
0,0,118
0,0,113
0,0,104
0,0,116
20,1,121
0,0,126
25,1,103
18,1,86
18,1,109
12,1,108
26,1,83
0,0,94
0,0,58
0,0,55
0,0,53
0,0,41
0,0,73
0,0,75
0,0,72
0,0,63
0,0,66
0,0,85
0,0,87
0,0,74
0,0,89
0,0,84
0,0,97
5,1,70
0,0,62
0,0,33
0,0,45
0,0,47
0,0,209
0,0,151
0,0,154
0,0,201
0,0,194
0,0,164
0,0,171
0,0,208
0,0,152
0,0,139
0,0,155
0,0,118
0,0,218
0,0,123
5,1,159
0,0,149
0,0,193
0,0,199
0,0,252
1,1,253
3,2,246
0,0,248
0,0,191
8,1,173
20,1,151
20,1,102
29,1,98
0,0,117
0,0,91
0,0,86
6,1,87
29,1,113
8,1,103
8,1,103
0,0,93
0,0,84
0,0,116
0,0,97
0,0,105
0,0,96
0,0,99
0,0,112
20,1,107
17,1,119
0,0,95
0,0,74
0,0,100
0,0,130
0,0,124
0,0,108
0,0,109
0,0,55
0,0,127
7,1,86
0,0,81
0,0,78
0,0,61
0,0,54
0,0,62
0,0,58
0,0,41
0,0,47
0,0,66
29,1,80
4,1,69
0,0,75
0,0,71
0,0,72
26,1,74
0,0,70
0,0,64
0,0,67
0,0,38
0,0,25
0,0,33
0,0,26
0,0,199
0,0,197
0,0,151
0,0,160
0,0,168
0,0,184
0,0,169
0,0,158
0,0,148
0,0,138
0,0,180
2,1,216
0,0,162
0,0,183
7,1,173
0,0,233
0,0,253
0,0,252
1,4,251
0,0,210
0,0,145
10,1,149
20,1,144
0,0,127
0,0,102
0,0,125
0,0,113
0,0,97
0,0,105
0,0,109
0,0,103
0,0,119
0,0,136
6,1,113
0,0,99
0,0,98
0,0,91
0,0,88
0,0,63
0,0,87
0,0,96
0,0,100
0,0,89
0,0,112
0,0,80
0,0,106
5,1,109
0,0,131
0,0,69
0,0,86
0,0,104
30,1,108
19,1,101
0,0,81
0,0,107
9,1,72
22,1,63
0,0,59
0,0,50
0,0,46
0,0,41
1,1,62
0,0,78
0,0,95
26,1,77
0,0,82
0,0,56
0,0,84
0,0,83
0,0,93
0,0,91
0,0,66
0,0,47
0,0,68
0,0,52
0,0,29
0,0,27
0,0,33
0,0,188
0,0,148
0,0,161
2,1,186
0,0,138
0,0,159
0,0,131
0,0,176
0,0,135
0,0,169
0,0,167
0,0,146
0,0,187
0,0,180
0,0,163
0,0,165
0,0,208
0,0,250
0,0,253
0,0,252
1,4,203
0,0,155
17,1,246
0,0,151
0,0,141
0,0,143
25,1,113
0,0,114
0,0,108
0,0,92
0,0,101
0,0,118
0,0,105
2,1,113
0,0,112
8,1,94
0,0,91
0,0,79
0,0,85
0,0,67
0,0,96
0,0,90
0,0,70
0,0,115
11,1,98
0,0,103
0,0,107
0,0,119
0,0,73
0,0,82
0,0,97
0,0,104
13,1,92
9,1,97
20,1,58
10,1,59
0,0,46
0,0,44
0,0,40
0,0,42
0,0,52
8,1,76
0,0,72
0,0,102
0,0,94
0,0,69
0,0,99
0,0,67
0,0,66
0,0,90
0,0,77
17,1,68
0,0,49
0,0,55
0,0,56
0,0,30
20,1,47
0,0,206
1,1,182
0,0,171
0,0,169
0,0,164
0,0,158
0,0,120
0,0,136
0,0,83
0,0,161
0,0,188
0,0,133
8,1,185
0,0,177
0,0,160
0,0,244
0,0,251
0,0,253
0,0,252
1,1,253
4,1,238
0,0,187
0,0,173
21,1,140
0,0,130
22,1,138
0,0,139
0,0,89
0,0,74
0,0,112
0,0,85
0,0,92
2,1,87
0,0,71
8,1,106
0,0,94
0,0,108
6,1,85
0,0,83
0,0,100
0,0,168
0,0,184
18,1,117
18,1,106
0,0,81
0,0,121
18,1,81
0,0,65
0,0,68
0,0,77
0,0,75
0,0,78
23,1,76
0,0,34
0,0,44
0,0,61
0,0,57
0,0,42
4,1,37
0,0,49
0,0,48
0,0,59
0,0,73
0,0,95
21,1,103
0,0,104
0,0,88
0,0,80
1,1,71
0,0,72
0,0,46
0,0,70
13,1,66
0,0,54
0,0,27
0,0,38
0,0,43
0,0,182
0,0,150
0,0,156
0,0,198
19,1,126
6,1,155
0,0,119
24,1,157
0,0,139
0,0,127
0,0,152
0,0,158
0,0,154
0,0,176
0,0,253
0,0,251
0,0,252
1,3,253
0,0,243
0,0,231
26,1,131
0,0,151
0,0,130
0,0,136
0,0,132
0,0,84
20,1,86
0,0,81
0,0,83
0,0,82
0,0,63
1,1,56
0,0,52
0,0,67
0,0,69
0,0,94
0,0,74
0,0,91
0,0,96
16,1,83
0,0,39
0,0,105
0,0,125
0,0,115
0,0,79
0,0,102
0,0,122
0,0,90
0,0,80
0,0,93
20,1,78
30,1,94
19,1,57
0,0,24
0,0,25
0,0,33
0,0,49
2,1,29
0,0,38
0,0,44
0,0,72
0,0,46
0,0,73
0,0,81
0,0,97
0,0,107
0,0,88
4,1,63
0,0,87
0,0,66
0,0,71
0,0,58
10,1,57
15,1,76
0,0,62
0,0,32
0,0,50
0,0,150
0,0,193
0,0,173
0,0,166
0,0,124
0,0,156
0,0,198
0,0,142
0,0,154
0,0,181
0,0,141
0,0,118
0,0,134
0,0,160
0,0,147
0,0,122
3,1,252
0,0,251
0,0,253
3,1,252
5,1,228
0,0,250
0,0,146
0,0,180
0,0,140
0,0,132
17,1,112
0,0,96
0,0,67
0,0,77
0,0,72
0,0,70
0,0,76
0,0,81
0,0,66
0,0,129
7,1,33
0,0,56
0,0,52
0,0,79
7,1,87
0,0,104
0,0,103
0,0,71
0,0,98
0,0,118
0,0,88
0,0,86
20,1,91
0,0,90
0,0,130
0,0,128
27,1,61
0,0,74
0,0,60
0,0,39
0,0,46
0,0,34
0,0,19
0,0,23
27,1,36
0,0,35
0,0,41
0,0,31
2,1,49
6,1,81
0,0,73
0,0,83
0,0,77
0,0,95
4,1,72
0,0,65
22,1,83
0,0,56
10,1,71
0,0,52
14,1,94
0,0,51
1,1,174
0,0,164
0,0,185
0,0,165
0,0,149
0,0,150
0,0,226
0,0,181
0,0,193
0,0,128
0,0,124
2,1,139
0,0,194
0,0,158
0,0,145
0,0,195
0,0,251
0,0,248
0,0,247
0,0,252
1,1,255
0,0,216
0,0,208
0,0,151
0,0,113
0,0,141
0,0,136
0,0,95
0,0,91
0,0,77
0,0,87
0,0,83
0,0,76
0,0,67
0,0,72
0,0,68
0,0,49
0,0,50
0,0,47
0,0,55
4,1,46
0,0,98
0,0,90
0,0,129
0,0,70
0,0,88
0,0,71
0,0,96
0,0,119
0,0,65
0,0,78
13,1,70
0,0,54
0,0,94
0,0,42
0,0,51
0,0,63
0,0,123
19,1,29
0,0,53
2,1,22
0,0,28
0,0,40
0,0,41
2,1,44
13,1,47
12,1,57
12,1,70
0,0,64
0,0,74
0,0,84
0,0,92
3,1,92
0,0,56
0,0,61
26,1,58
3,1,79
0,0,75
0,0,67
0,0,95
0,0,55
0,0,126
0,0,121
0,0,177
0,0,238
0,0,153
0,0,162
0,0,176
0,0,205
0,0,131
0,0,133
0,0,143
0,0,122
0,0,191
0,0,110
0,0,209
0,0,160
0,0,248
0,0,253
0,0,186
0,0,230
4,2,250
0,0,220
0,0,144
0,0,139
0,0,136
0,0,165
26,1,161
0,0,85
13,1,70
0,0,62
0,0,63
0,0,72
0,0,83
0,0,54
0,0,44
0,0,51
0,0,49
3,1,45
3,1,71
0,0,80
0,0,146
0,0,86
0,0,88
0,0,93
0,0,90
0,0,91
0,0,87
0,0,47
0,0,46
0,0,59
0,0,56
0,0,28
5,1,56
16,1,97
0,0,24
0,0,37
0,0,17
2,1,35
27,1,45
0,0,48
0,0,51
0,0,55
0,0,50
0,0,44
30,1,42
7,1,54
0,0,72
0,0,70
0,0,63
0,0,57
0,0,85
0,0,96
0,0,102
0,0,89
0,0,67
0,0,82
0,0,62
0,0,64
0,0,77
0,0,60
0,0,83
0,0,80
4,1,112
0,0,192
0,0,184
0,0,115
0,0,149
0,0,168
0,0,213
0,0,117
0,0,129
0,0,132
0,0,162
0,0,138
0,0,177
0,0,187
0,0,173
0,0,247
0,0,249
0,0,231
0,0,207
0,0,209
0,0,230
0,0,218
0,0,223
13,1,125
0,0,151
0,0,140
0,0,160
0,0,148
0,0,82
5,1,127
0,0,76
0,0,77
0,0,64
0,0,88
0,0,74
0,0,53
0,0,52
0,0,46
0,0,47
0,0,38
2,1,72
0,0,55
0,0,115
0,0,101
0,0,96
0,0,100
0,0,87
0,0,70
0,0,99
19,1,32
0,0,89
0,0,71
0,0,22
0,0,69
0,0,19
0,0,28
0,0,54
0,0,73
0,0,95
4,1,40
0,0,29
0,0,58
0,0,66
24,1,62
30,1,46
0,0,44
0,0,39
0,0,45
0,0,37
1,1,38
0,0,48
10,1,74
0,0,81
30,1,93
0,0,125
30,1,67
9,1,49
24,1,65
6,1,72
0,0,108
0,0,95
0,0,131
0,0,129
0,0,121
0,0,162
0,0,193
0,0,163
0,0,94
0,0,92
0,0,137
0,0,169
0,0,151
0,0,199
0,0,153
0,0,244
0,0,249
0,0,218
0,0,251
0,0,241
0,0,243
0,0,190
0,0,248
0,0,196
0,0,177
0,0,149
0,0,134
13,1,165
0,0,189
0,0,73
0,0,93
0,0,108
0,0,104
26,1,127
0,0,100
1,1,63
0,0,76
0,0,64
0,0,59
0,0,48
0,0,56
0,0,71
0,0,70
0,0,52
0,0,27
0,0,66
0,0,98
0,0,102
0,0,72
0,0,44
0,0,129
0,0,68
12,1,32
5,1,35
0,0,18
0,0,28
0,0,29
0,0,90
0,0,77
3,1,44
0,0,42
16,1,67
0,0,65
0,0,58
0,0,61
29,1,49
0,0,60
0,0,64
0,0,59
0,0,51
0,0,36
18,1,41
8,1,64
0,0,89
0,0,81
0,0,103
0,0,92
0,0,62
22,1,58
0,0,40
0,0,30
0,0,46
19,1,86
0,0,133
0,0,181
0,0,170
0,0,123
0,0,188
0,0,158
0,0,91
0,0,150
0,0,154
0,0,205
0,0,208
0,0,176
0,0,117
0,0,190
0,0,166
0,0,250
1,1,224
0,0,195
0,0,213
0,0,161
0,0,251
11,1,147
0,0,125
0,0,107
0,0,137
0,0,128
0,0,159
0,0,94
0,0,97
4,1,101
0,0,100
4,1,113
0,0,111
0,0,71
0,0,85
0,0,58
0,0,60
0,0,56
5,1,73
0,0,53
1,1,40
0,0,65
0,0,82
0,0,91
0,0,50
0,0,45
13,1,67
4,1,53
0,0,84
0,0,90
0,0,57
0,0,38
0,0,66
0,0,42
0,0,43
0,0,46
0,0,34
12,1,73
0,0,86
12,1,71
0,0,61
1,1,56
26,1,66
0,0,64
25,1,30
17,1,46
0,0,36
0,0,69
0,0,91
0,0,79
0,0,101
20,1,50
0,0,54
0,0,52
0,0,33
29,1,38
6,1,108
0,0,99
0,0,189
0,0,158
0,0,132
0,0,185
0,0,178
0,0,152
0,0,166
0,0,197
0,0,203
0,0,138
1,1,178
0,0,179
0,0,196
0,0,204
0,0,247
3,1,195
0,0,220
0,0,228
0,0,215
0,0,172
0,0,159
0,0,123
0,0,110
0,0,100
0,0,118
0,0,137
0,0,97
0,0,90
0,0,122
6,1,95
0,0,93
9,1,105
0,0,87
0,0,55
0,0,61
0,0,77
1,1,59
0,0,57
0,0,42
0,0,62
7,1,58
0,0,24
0,0,35
0,0,53
0,0,70
0,0,29
11,1,35
19,1,41
0,0,43
0,0,26
0,0,54
0,0,134
0,0,79
0,0,78
1,1,66
0,0,76
0,0,85
0,0,73
1,1,74
0,0,102
0,0,82
5,1,57
0,0,67
16,1,49
28,1,35
0,0,50
0,0,44
0,0,51
0,0,69
2,1,63
0,0,91
0,0,77
0,0,25
0,0,61
0,0,52
0,0,42
0,0,47
0,0,39
0,0,132
0,0,135
0,0,164
0,0,198
0,0,138
0,0,188
0,0,172
0,0,156
0,0,166
0,0,147
0,0,72
0,0,151
0,0,112
0,0,204
0,0,238
0,0,211
0,0,251
0,0,255
0,0,158
0,0,175
0,0,237
0,0,239
0,0,201
0,0,168
0,0,124
0,0,143
2,1,154
0,0,181
28,1,123
0,0,114
0,0,92
0,0,120
0,0,117
0,0,90
0,0,113
0,0,101
0,0,105
0,0,70
0,0,74
0,0,58
0,0,52
0,0,44
0,0,32
0,0,34
0,0,29
0,0,43
0,0,62
0,0,67
0,0,37
7,1,60
0,0,138
0,0,57
13,1,56
0,0,93
0,0,78
0,0,46
0,0,102
0,0,106
0,0,88
0,0,158
0,0,96
0,0,86
0,0,91
0,0,87
0,0,83
0,0,84
13,1,101
0,0,109
9,1,75
0,0,82
0,0,72
0,0,63
0,0,40
28,1,54
0,0,58
0,0,77
0,0,98
0,0,70
0,0,73
4,1,63
0,0,25
0,0,50
0,0,62
0,0,68
0,0,46
0,0,59
0,0,165
0,0,146
0,0,161
0,0,208
0,0,205
0,0,168
0,0,124
0,0,156
0,0,198
0,0,113
0,0,99
0,0,128
0,0,151
0,0,190
0,0,199
8,1,199
0,0,232
0,0,167
14,1,206
0,0,250
0,0,215
0,0,216
0,0,112
0,0,133
0,0,203
22,1,172
0,0,175
0,0,130
0,0,131
0,0,88
0,0,94
0,0,114
0,0,101
0,0,103
0,0,100
0,0,115
0,0,62
0,0,32
0,0,30
0,0,27
0,0,25
0,0,49
0,0,26
0,0,39
0,0,31
0,0,73
0,0,58
0,0,70
0,0,43
0,0,50
17,1,96
0,0,77
0,0,84
22,1,150
10,1,67
0,0,93
0,0,129
0,0,98
0,0,109
0,0,79
0,0,83
0,0,104
15,1,109
0,0,100
0,0,108
2,1,115
18,1,98
0,0,78
0,0,55
0,0,38
0,0,42
0,0,61
4,1,49
0,0,92
24,1,33
0,0,60
1,1,41
0,0,43
5,1,32
15,1,87
0,0,147
0,0,184
0,0,164
0,0,140
0,0,211
4,1,168
0,0,146
0,0,171
0,0,85
0,0,139
0,0,125
0,0,204
0,0,130
0,0,89
0,0,208
0,0,242
0,0,172
0,0,179
0,0,135
0,0,113
17,1,217
0,0,238
0,0,189
0,0,174
0,0,198
0,0,160
0,0,176
0,0,137
0,0,83
0,0,69
2,1,60
0,0,81
0,0,110
0,0,114
0,0,96
0,0,88
0,0,29
0,0,46
0,0,27
0,0,41
0,0,45
0,0,50
0,0,44
0,0,52
0,0,34
0,0,37
5,1,41
0,0,102
0,0,38
8,1,42
0,0,31
0,0,85
16,1,58
0,0,53
0,0,39
0,0,87
0,0,136
0,0,92
0,0,170
0,0,72
0,0,95
0,0,98
0,0,111
0,0,88
7,1,100
1,1,96
0,0,54
1,1,82
0,0,52
0,0,36
0,0,23
26,1,77
23,1,45
0,0,73
0,0,81
0,0,74
0,0,66
5,1,48
0,0,50
0,0,46
0,0,80
0,0,102
0,0,196
0,0,133
0,0,166
0,0,185
0,0,118
2,1,158
0,0,147
0,0,161
26,1,167
1,1,159
0,0,139
0,0,78
0,0,98
0,0,152
0,0,176
0,0,174
0,0,99
28,1,97
0,0,219
0,0,207
6,1,232
0,0,175
0,0,169
0,0,189
14,1,108
0,0,111
0,0,91
0,0,90
0,0,71
0,0,86
0,0,110
0,0,55
0,0,31
0,0,41
0,0,43
0,0,33
0,0,48
0,0,60
2,2,46
0,0,42
8,1,31
0,0,45
0,0,37
0,0,70
0,0,92
0,0,68
0,0,133
1,1,40
0,0,51
0,0,79
0,0,74
0,0,93
0,0,107
28,1,139
0,0,56
0,0,90
0,0,89
6,1,58
4,1,101
11,1,71
0,0,73
10,1,65
0,0,44
1,1,26
0,0,60
0,0,48
0,0,45
18,1,57
0,0,77
0,0,39
0,0,35
0,0,50
0,0,59
1,1,46
0,0,69
0,0,84
0,0,131
0,0,129
0,0,133
0,0,151
0,0,147
0,0,190
3,1,186
0,0,132
0,0,149
0,0,114
0,0,105
0,0,178
0,0,80
0,0,65
13,1,171
0,0,165
0,0,81
0,0,74
0,0,104
0,0,112
0,0,189
0,0,184
0,0,195
15,1,135
0,0,90
0,0,154
0,0,124
0,0,177
13,1,73
1,1,48
0,0,41
0,0,59
0,0,78
0,0,44
0,0,36
0,0,42
0,0,51
0,0,52
0,0,79
0,0,58
0,0,60
0,0,56
0,0,37
0,0,39
15,1,71
0,0,53
0,0,118
14,1,127
0,0,136
0,0,62
0,0,119
0,0,109
25,1,64
0,0,69
0,0,103
0,0,70
0,0,47
0,0,43
0,0,76
0,0,93
10,1,59
7,1,89
0,0,90
0,0,82
0,0,80
3,1,43
0,0,54
0,0,44
0,0,37
0,0,32
0,0,58
0,0,55
0,0,63
7,1,59
21,1,49
0,0,53
12,1,32
0,0,29
0,0,85
0,0,115
0,0,143
0,0,147
0,0,125
0,0,196
2,1,105
0,0,86
0,0,138
0,0,140
0,0,131
0,0,124
0,0,117
0,0,250
0,0,205
0,0,128
0,0,118
0,0,112
0,0,100
0,0,75
17,1,193
0,0,101
9,1,237
0,0,173
0,0,130
0,0,162
0,0,154
0,0,192
0,0,95
0,0,198
0,0,165
0,0,77
0,0,88
0,0,79
0,0,66
0,0,87
0,0,53
0,0,46
0,0,44
0,0,49
0,0,55
0,0,39
0,0,31
0,0,47
0,0,35
2,1,44
0,0,37
0,0,24
0,0,114
14,1,53
0,0,60
11,1,25
0,0,80
0,0,122
0,0,98
0,0,61
0,0,129
0,0,107
0,0,109
0,0,155
0,0,73
0,0,68
0,0,79
0,0,116
0,0,126
4,1,51
0,0,67
0,0,76
1,1,79
0,0,90
0,0,59
1,1,44
0,0,33
0,0,35
0,0,57
23,1,42
0,0,39
0,0,41
16,2,74
0,0,55
11,1,33
0,0,88
0,0,203
0,0,146
0,0,168
0,0,206
0,0,110
0,0,193
0,0,107
0,0,86
0,0,189
0,0,136
0,0,219
3,1,246
0,0,231
0,0,245
0,0,147
0,0,89
11,1,93
0,0,95
0,0,108
0,0,77
0,0,87
0,0,170
0,0,154
0,0,137
0,0,143
0,0,117
0,0,104
0,0,158
0,0,54
0,0,79
0,0,48
0,0,56
0,0,78
0,0,113
0,0,73
0,0,53
0,0,61
0,0,58
0,0,70
0,0,60
12,1,38
0,0,47
0,0,62
0,0,51
26,1,59
0,0,46
0,0,31
0,0,74
0,0,63
0,0,80
0,0,120
0,0,81
0,0,132
22,1,57
21,1,91
0,0,171
0,0,104
0,0,117
0,0,108
0,0,143
0,0,118
0,0,154
0,0,126
0,0,146
30,1,55
0,0,56
3,1,75
0,0,60
0,0,83
0,0,99
23,1,61
0,0,64
0,0,52
22,1,69
0,0,58
0,0,48
0,0,50
0,0,53
0,0,67
18,1,47
0,0,41
0,0,38
0,0,90
0,0,97
0,0,177
0,0,186
0,0,165
0,0,167
0,0,179
0,0,104
0,0,156
0,0,176
0,0,155
0,0,205
0,0,148
0,0,254
0,0,251
0,0,243
0,0,218
0,0,142
0,0,132
0,0,120
0,0,92
0,0,99
0,0,134
0,0,89
0,0,151
0,0,193
0,0,169
0,0,96
0,0,114
0,0,112
7,1,81
0,0,64
0,0,73
0,0,88
0,0,72
13,1,100
0,0,71
0,0,33
0,0,57
0,0,77
0,0,49
3,1,61
11,1,103
0,0,85
0,0,50
5,1,46
0,0,51
0,0,74
0,0,43
0,0,118
8,1,151
0,0,109
0,0,145
0,0,191
0,0,97
0,0,111
0,0,156
0,0,70
0,0,84
0,0,63
0,0,62
21,1,128
0,0,125
0,0,166
5,1,49
0,0,45
29,1,69
0,0,59
0,0,79
21,1,73
0,0,77
0,0,56
0,0,34
0,0,54
0,0,82
5,1,58
0,0,67
0,0,75
0,0,65
0,0,51
0,0,38
0,0,39
12,1,107
0,0,86
0,0,164
0,0,132
0,0,144
0,0,167
0,0,176
0,0,191
4,1,145
0,0,174
0,0,199
0,0,255
0,0,247
0,0,246
0,0,251
0,0,204
0,0,150
0,0,108
0,0,123
0,0,115
0,0,134
0,0,181
0,0,118
0,0,87
0,0,101
0,0,75
0,0,78
0,0,158
0,0,130
10,1,74
0,0,100
5,1,43
0,0,63
0,0,82
5,1,110
0,0,44
0,0,77
0,0,60
0,0,71
0,0,112
0,0,64
0,0,119
0,0,106
2,1,62
0,0,56
0,0,73
0,0,49
0,0,99
0,0,138
0,0,120
0,0,58
0,0,38
6,1,98
0,0,104
21,1,167
16,1,116
21,1,101
0,0,103
0,0,67
0,0,70
0,0,80
0,0,129
0,0,84
0,0,50
0,0,47
5,1,74
0,0,52
29,1,109
0,0,94
0,0,105
4,1,54
0,0,36
0,0,41
10,1,60
0,0,64
12,1,51
17,1,47
0,0,55
0,0,53
0,0,79
8,1,151
0,0,130
0,0,181
0,0,187
0,0,176
0,0,169
0,0,148
0,0,202
0,0,168
0,0,212
0,0,250
0,0,247
0,0,245
2,1,192
0,0,206
0,0,180
12,1,120
0,0,153
2,1,203
0,0,182
0,0,114
0,0,154
0,0,116
7,1,115
0,0,75
0,0,129
0,0,78
12,1,123
0,0,102
15,1,130
0,0,52
0,0,51
0,0,71
0,0,40
0,0,55
0,0,72
0,0,127
0,0,103
0,0,79
0,0,85
0,0,66
0,0,104
0,0,53
0,0,77
23,1,105
0,0,100
5,1,49
0,0,161
0,0,62
17,1,76
0,0,108
0,0,138
0,0,84
0,0,140
0,0,87
0,0,91
0,0,68
0,0,110
0,0,67
0,0,114
0,0,113
0,0,86
0,0,61
23,1,72
28,1,53
0,0,73
0,0,79
27,1,72
0,0,54
0,0,48
29,1,54
10,1,52
15,1,48
0,0,45
9,1,58
0,0,65
0,0,62
0,0,101
0,0,133
0,0,178
0,0,163
0,0,169
0,0,176
0,0,188
0,0,162
0,0,206
0,0,171
0,0,247
0,0,253
0,0,250
0,0,195
0,0,251
0,0,184
0,0,218
0,0,193
0,0,134
0,0,103
0,0,168
0,0,122
0,0,170
0,0,191
0,0,106
0,0,126
0,0,181
0,0,111
0,0,150
0,0,153
0,0,67
0,0,130
0,0,79
0,0,87
0,0,108
0,0,118
3,1,92
17,1,90
0,0,34
0,0,80
12,1,78
15,1,144
0,0,131
0,0,48
0,0,81
8,1,99
0,0,127
1,1,115
0,0,159
24,1,215
0,0,193
0,0,46
24,1,120
0,0,72
0,0,105
24,1,93
0,0,94
0,0,62
17,1,81
0,0,113
0,0,104
0,0,95
1,1,112
0,0,89
0,0,68
0,0,64
0,0,66
17,1,66
0,0,55
15,1,44
17,1,66
0,0,49
0,0,63
0,0,45
0,0,37
9,1,61
0,0,60
17,1,90
17,1,220
0,0,197
0,0,189
0,0,166
0,0,149
0,0,182
3,1,166
8,1,255
0,0,229
0,0,251
0,0,244
0,0,231
0,0,213
0,0,224
0,0,201
0,0,167
0,0,214
0,0,102
0,0,121
0,0,159
0,0,210
0,0,172
0,0,164
0,0,168
0,0,122
0,0,54
0,0,192
0,0,177
0,0,119
0,0,76
0,0,85
0,0,105
0,0,60
0,0,43
0,0,108
5,1,63
0,0,50
0,0,110
0,0,136
0,0,149
0,0,89
0,0,81
0,0,79
0,0,123
0,0,55
0,0,125
0,0,84
17,1,130
0,0,143
0,0,141
0,0,203
0,0,131
0,0,148
0,0,106
0,0,77
0,0,99
1,1,121
26,1,148
0,0,88
0,0,80
0,0,126
0,0,122
0,0,101
19,1,75
0,0,120
0,0,119
0,0,93
0,0,46
0,0,62
0,0,64
0,0,94
0,0,92
0,0,60
15,1,73
1,1,56
8,1,64
0,0,38
0,0,36
0,0,42
0,0,63
0,0,61
0,0,72
0,0,87
23,1,145
0,0,191
0,0,186
0,0,193
27,1,85
0,0,182
0,0,149
0,0,251
0,0,222
0,0,250
0,0,229
0,0,237
3,1,231
0,0,195
0,0,234
0,0,178
0,0,232
8,1,220
0,0,225
0,0,223
0,0,138
0,0,161
0,0,114
0,0,111
0,0,89
1,1,46
0,0,73
0,0,153
0,0,131
0,0,132
0,0,117
0,0,35
0,0,42
0,0,77
0,0,78
0,0,55
0,0,110
0,0,149
0,0,122
0,0,86
12,1,157
0,0,51
0,0,92
0,0,76
0,0,45
0,0,82
0,0,142
0,0,151
0,0,119
0,0,123
18,1,109
27,1,183
16,1,156
0,0,84
0,0,85
0,0,161
0,0,98
0,0,120
12,1,69
25,1,100
0,0,74
0,0,21
0,0,28
0,0,192
0,0,132
0,0,88
0,0,65
0,0,94
0,0,87
23,1,61
0,0,53
0,0,40
0,0,50
0,0,60
9,1,42
0,0,36
5,1,62
23,1,72
14,1,88
0,0,191
0,0,196
0,0,136
0,0,190
0,0,176
0,0,172
0,0,182
0,0,214
0,0,240
0,0,235
0,0,197
0,0,215
0,0,186
0,0,195
0,0,202
0,0,98
14,1,205
0,0,226
0,0,201
0,0,243
4,1,127
0,0,105
0,0,155
0,0,154
0,0,89
27,1,110
0,0,84
0,0,92
0,0,115
0,0,112
0,0,139
0,0,99
0,0,41
0,0,78
0,0,67
0,0,74
0,0,97
0,0,121
0,0,172
0,0,107
0,0,100
0,0,102
0,0,38
0,0,123
0,0,90
0,0,66
0,0,53
0,0,55
5,1,138
0,0,149
0,0,109
0,0,96
0,0,126
0,0,147
14,1,94
24,1,69
0,0,95
0,0,87
1,1,88
0,0,82
0,0,62
0,0,63
0,0,64
20,1,56
17,2,45
0,0,92
1,1,99
0,0,121
0,0,93
0,0,77
0,0,70
0,0,81
22,1,76
25,1,41
0,0,50
1,1,70
0,0,75
0,0,84
25,1,74
0,0,170
0,0,160
0,0,151
0,0,159
0,0,179
0,0,178
0,0,193
0,0,217
0,0,234
0,0,224
0,0,204
0,0,184
0,0,130
0,0,148
12,1,197
0,0,166
0,0,149
0,0,201
0,0,181
0,0,213
0,0,93
0,0,134
0,0,117
11,1,194
0,0,109
0,0,91
0,0,88
3,1,144
0,0,81
0,0,115
7,1,120
0,0,74
0,0,92
24,1,73
0,0,103
0,0,146
0,0,162
11,1,187
0,0,108
0,0,29
10,1,77
0,0,64
0,0,48
0,0,95
0,0,87
0,0,98
0,0,85
0,0,97
3,1,80
6,1,126
7,1,59
0,0,53
4,1,95
0,0,63
0,0,57
0,0,86
14,1,74
17,1,28
0,0,58
0,0,23
0,0,134
14,1,106
0,0,91
25,1,90
3,1,84
0,0,76
1,2,67
1,1,32
0,0,40
0,0,66
0,0,71
0,0,92
0,0,80
0,0,81
0,0,111
0,0,97
0,0,175
0,0,187
0,0,177
0,0,139
0,0,171
0,0,179
0,0,216
0,0,211
0,0,156
0,0,170
0,0,150
16,1,138
0,0,148
0,0,144
0,0,126
0,0,159
0,0,123
0,0,136
0,0,117
0,0,160
2,1,77
19,1,160
0,0,91
0,0,48
0,0,128
0,0,68
0,0,42
0,0,47
0,0,74
0,0,66
0,0,59
0,0,86
0,0,124
0,0,165
2,1,131
4,1,103
0,0,114
0,0,107
0,0,99
0,0,76
0,0,64
0,0,73
0,0,24
0,0,60
0,0,92
0,0,101
0,0,70
0,0,96
28,1,95
0,0,129
0,0,111
0,0,106
0,0,149
9,1,110
0,0,123
0,0,121
0,0,146
7,1,124
0,0,136
0,0,87
0,0,125
0,0,30
3,1,113
0,0,75
11,1,115
13,1,121
0,0,117
0,0,90
0,0,65
0,0,62
14,1,69
0,0,77
0,0,59
0,0,28
0,0,41
0,0,56
0,0,60
0,0,92
7,1,73
0,0,99
0,0,131
0,0,139
0,0,172
0,0,164
0,0,122
0,0,176
0,0,200
0,0,213
0,0,243
0,0,229
0,0,182
0,0,153
0,0,188
0,0,109
0,0,181
0,0,166
0,0,179
0,0,208
0,0,161
0,0,120
0,0,199
0,0,149
0,0,184
0,0,155
0,0,83
0,0,126
0,0,59
0,0,52
0,0,47
0,0,75
0,0,45
0,0,31
0,0,20
0,0,37
0,0,91
0,0,73
0,0,88
0,0,110
0,0,132
0,0,104
0,0,121
4,1,129
16,1,126
0,0,89
0,0,56
0,0,69
0,0,43
0,0,82
5,1,69
0,0,60
0,0,85
0,0,101
0,0,92
0,0,103
0,0,117
9,1,78
0,0,81
0,0,144
0,0,200
0,0,94
0,0,105
0,0,86
0,0,109
0,0,123
0,0,74
0,0,128
5,1,114
0,0,96
0,0,110
17,1,111
0,0,131
4,1,102
16,1,97
26,1,86
0,0,49
0,0,24
0,0,53
2,1,39
0,0,50
0,0,65
0,0,91
0,0,106
0,0,81
0,0,113
30,1,107
0,0,169
0,0,156
0,0,229
0,0,213
0,0,179
0,0,137
0,0,194
0,0,214
0,0,171
0,0,147
0,0,145
0,0,142
0,0,205
0,0,155
0,0,188
0,0,199
0,0,187
0,0,131
0,0,153
0,0,141
0,0,104
0,0,175
0,0,89
0,0,62
0,0,42
0,0,38
0,0,33
0,0,26
0,0,23
2,1,29
0,0,39
0,0,83
0,0,94
12,1,137
0,0,111
0,0,61
18,1,116
0,0,98
16,1,53
0,0,120
0,0,140
0,0,91
0,0,103
7,1,97
0,0,100
14,1,65
1,1,120
6,1,138
0,0,141
0,0,123
0,0,50
0,0,133
3,1,113
0,0,109
0,0,107
16,1,123
0,0,49
0,0,55
0,0,118
0,0,135
0,0,158
2,1,94
0,0,115
0,0,110
0,0,121
8,1,121
0,0,85
0,0,91
0,0,90
0,0,35
0,0,75
0,0,31
0,0,23
0,0,27
0,0,43
0,0,63
8,1,92
0,0,101
0,0,96
0,0,141
0,0,114
0,0,153
0,0,182
0,0,173
6,2,87
0,0,189
23,1,116
13,1,91
0,0,52
0,0,84
0,0,131
0,0,121
9,1,132
0,0,147
0,0,171
22,1,106
0,0,108
15,1,39
0,0,36
0,0,38
0,0,49
0,0,22
0,0,20
0,0,29
0,0,30
0,0,32
0,0,72
0,0,82
0,0,60
28,1,68
25,1,71
0,0,122
0,0,66
0,0,75
0,0,107
0,0,116
0,0,115
2,1,98
0,0,101
0,0,78
1,1,124
0,0,105
0,0,103
0,0,143
19,1,79
0,0,61
0,0,45
23,1,108
0,0,80
29,1,101
0,0,112
22,1,119
0,0,49
0,0,90
0,0,73
0,0,41
0,0,92
11,1,93
0,0,81
0,0,129
0,0,117
0,0,109
0,0,121
26,1,110
0,0,94
0,0,21
0,0,78
0,0,18
0,0,24
0,0,29
0,0,39
5,1,102
9,1,133
0,0,70
0,0,132
0,0,183
0,0,155
0,0,170
0,0,158
0,0,125
0,0,148
0,0,199
12,1,104
0,0,105
0,0,131
0,0,77
0,0,72
0,0,90
0,0,149
0,0,137
0,0,61
0,0,109
0,0,176
0,0,172
0,0,111
0,0,69
0,0,123
0,0,28
0,0,48
0,0,33
0,0,29
0,0,59
0,0,19
0,0,24
1,1,26
0,0,49
0,0,83
0,0,67
14,1,72
0,0,79
0,0,73
0,0,63
0,0,129
25,1,79
0,0,75
0,0,103
0,0,84
0,0,132
0,0,95
0,0,104
8,1,84
0,0,71
0,0,120
19,1,87
21,1,60
0,0,92
13,1,106
0,0,64
0,0,105
0,0,65
9,1,80
8,1,94
0,0,101
0,0,48
0,0,68
0,0,81
0,0,82
0,0,53
3,1,78
0,0,85
19,1,107
0,0,98
0,0,95
0,0,70
15,1,47
0,0,51
0,0,42
0,0,16
0,0,23
5,1,73
0,0,88
0,0,119
0,0,96
0,0,89
0,0,120
0,0,74
0,0,123
6,1,188
0,0,104
0,0,153
0,0,116
24,1,111
0,0,147
0,0,108
0,0,100
27,1,89
0,0,54
0,0,35
22,1,79
0,0,184
20,1,161
0,0,151
12,1,149
0,0,63
0,0,25
0,0,47
0,0,49
0,0,21
0,0,20
0,0,28
0,0,30
0,0,64
0,0,93
0,0,85
0,0,80
0,0,75
0,0,176
0,0,60
0,0,122
0,0,123
0,0,53
0,0,65
0,0,81
27,1,37
29,1,98
10,1,54
0,0,59
0,0,69
0,0,39
0,0,61
0,0,106
0,0,29
0,0,50
0,0,57
0,0,126
12,1,88
0,0,100
12,1,78
29,1,39
0,0,96
0,0,95
0,0,20
0,0,71
0,0,94
0,0,118
0,0,45
0,0,65
0,0,83
8,1,88
0,0,76
0,0,82
10,1,74
8,1,59
0,0,150
0,0,48
0,0,14
0,0,18
0,0,31
0,0,55
15,1,129
0,0,127
15,1,132
0,0,114
0,0,107
0,0,81
0,0,120
0,0,68
0,0,133
24,1,206
0,0,125
0,0,93
0,0,94
23,1,73
0,0,115
0,0,103
0,0,62
0,0,92
20,1,89
7,1,97
0,0,60
0,0,44
0,0,36
0,0,53
0,0,87
0,0,56
16,1,18
0,0,37
7,1,37
0,0,55
27,1,42
0,0,61
0,0,81
0,0,98
0,0,82
0,0,83
23,1,73
0,0,86
0,0,46
28,1,32
0,0,72
0,0,74
14,1,62
29,1,82
16,1,52
0,0,103
0,0,64
0,0,49
0,0,94
0,0,110
0,0,107
0,0,76
0,0,79
20,1,130
0,0,104
24,1,121
23,1,44
0,0,80
0,0,59
0,0,61
0,0,87
0,0,65
14,1,86
14,1,68
0,0,95
6,1,101
12,1,86
29,1,48
25,1,23
0,0,49
0,0,83
0,0,122
0,0,126
0,0,72
12,1,136
0,0,131
0,0,85
0,0,55
0,0,94
0,0,127
0,0,156
0,0,81
0,0,97
0,0,116
0,0,205
0,0,73
0,0,56
5,1,127
0,0,107
21,1,124
0,0,173
0,0,208
0,0,166
0,0,113
1,1,93
0,0,145
0,0,60
0,0,224
0,0,122
0,0,210
0,0,43
0,0,48
0,0,52
0,0,84
0,0,74
0,0,121
0,0,57
0,0,120
0,0,203
0,0,108
0,0,41
0,0,76
0,0,88
0,0,133
0,0,165
0,0,119
0,0,96
0,0,80
1,1,68
0,0,73
1,1,53
0,0,54
20,1,96
0,0,94
0,0,58
8,1,112
0,0,64
28,1,109
7,1,107
0,0,183
0,0,86
20,1,62
0,0,91
13,1,103
0,0,50
0,0,118
0,0,106
0,0,45
24,1,76
0,0,66
19,1,76
0,0,77
24,1,99
0,0,90
0,0,65
0,0,44
0,0,119
0,0,25
0,0,46
0,0,81
0,0,122
0,0,127
15,1,95
0,0,87
0,0,155
0,0,165
0,0,92
0,0,98
0,0,183
0,0,105
0,0,68
0,0,143
0,0,170
0,0,175
29,1,84
7,1,140
0,0,147
10,1,84
0,0,62
0,0,85
0,0,217
0,0,124
0,0,192
0,0,69
26,1,195
0,0,116
0,0,73
0,0,145
0,0,100
0,0,61
0,0,59
0,0,83
0,0,54
0,0,111
24,1,94
0,0,146
0,0,42
0,0,72
0,0,32
5,1,93
26,1,87
0,0,78
0,0,81
0,0,129
0,0,34
0,0,52
5,1,90
0,0,48
21,1,75
24,1,74
0,0,40
0,0,28
16,1,107
0,0,79
0,0,66
26,1,110
0,0,108
0,0,114
0,0,62
0,0,99
16,1,76
10,1,45
0,0,95
22,1,40
0,0,53
1,1,61
0,0,72
0,0,56
0,0,68
29,1,50
27,1,80
7,1,33
0,0,44
0,0,145
0,0,97
0,0,132
0,0,89
0,0,90
0,0,141
0,0,105
0,0,130
0,0,153
0,0,134
0,0,60
0,0,215
0,0,181
0,0,162
0,0,189
0,0,165
0,0,47
1,1,60
0,0,67
0,0,58
0,0,48
0,0,95
1,1,75
0,0,71
0,0,66
0,0,74
0,0,171
0,0,163
0,0,91
0,0,112
0,0,129
0,0,45
0,0,80
20,1,114
10,1,41
0,0,90
0,0,92
0,0,184
0,0,116
0,0,104
0,0,82
0,0,51
30,1,31
0,0,65
0,0,64
0,0,84
0,0,54
0,0,127
0,0,58
8,1,82
30,1,110
0,0,125
22,1,39
0,0,68
0,0,99
0,0,71
0,0,36
0,0,87
0,0,106
25,1,65
0,0,120
0,0,67
0,0,100
0,0,102
23,1,158
0,0,79
0,0,91
0,0,40
2,1,57
0,0,44
17,1,58
0,0,69
0,0,52
0,0,62
0,0,59
0,0,46
0,0,73
6,1,72
0,0,90
0,0,39
0,0,53
0,0,75
0,0,111
0,0,124
0,0,112
30,1,89
0,0,157
0,0,184
0,0,77
0,0,64
0,0,160
0,0,139
0,0,204
0,0,114
0,0,97
13,1,171
0,0,63
0,0,132
0,0,122
21,1,111
0,0,163
0,0,66
0,0,70
0,0,74
0,0,106
0,0,79
0,0,59
0,0,61
0,0,52
0,0,168
22,1,163
9,1,67
0,0,177
0,0,149
12,1,169
0,0,104
0,0,99
0,0,108
0,0,93
0,0,58
17,1,49
18,1,103
0,0,84
8,1,33
0,0,86
24,1,88
0,0,97
16,1,104
0,0,72
0,0,68
0,0,45
0,0,56
0,0,43
0,0,82
0,0,26
0,0,46
0,0,100
0,0,85
25,1,99
0,0,112
0,0,90
1,1,86
0,0,57
0,0,83
0,0,106
14,1,100
0,0,39
15,1,47
0,0,44
0,0,53
0,0,65
0,0,89
0,0,67
14,1,22
0,0,35
0,0,52
0,0,87
0,0,109
29,1,73
0,0,94
0,0,134
0,0,136
0,0,85
0,0,144
0,0,158
20,1,74
0,0,75
0,0,143
0,0,123
0,0,138
0,0,105
30,1,116
0,0,91
2,1,163
0,0,165
0,0,150
0,0,43
0,0,137
0,0,106
20,1,71
0,0,70
0,0,68
0,0,78
0,0,60
3,1,148
0,0,94
0,0,122
0,0,120
0,0,38
0,0,30
0,0,34
9,1,65
0,0,157
0,0,92
0,0,172
0,0,72
0,0,129
0,0,103
0,0,133
0,0,130
3,1,96
0,0,102
0,0,112
0,0,141
0,0,64
0,0,110
0,0,57
0,0,73
0,0,123
0,0,61
0,0,55
0,0,29
5,1,24
0,0,86
0,0,106
0,0,66
0,0,47
0,0,150
27,1,130
0,0,82
0,0,98
15,1,164
0,0,84
0,0,138
27,1,62
0,0,108
0,0,59
21,1,47
3,1,48
0,0,45
0,0,81
21,1,49
0,0,26
0,0,52
0,0,41
0,0,50
0,0,54
19,1,65
0,0,83
0,0,124
0,0,146
0,0,40
0,0,79
0,0,99
0,0,72
16,1,78
0,0,152
0,0,117
0,0,154
0,0,119
0,0,87
0,0,149
0,0,197
0,0,77
0,0,118
0,0,101
0,0,47
0,0,73
0,0,63
0,0,144
0,0,75
26,1,58
19,1,40
24,1,90
0,0,43
0,0,57
0,0,166
0,0,123
16,1,66
0,0,67
0,0,88
0,0,22
0,0,111
29,1,101
0,0,108
0,0,64
0,0,110
0,0,117
0,0,72
29,1,88
0,0,125
0,0,99
0,0,91
0,0,77
0,0,109
0,0,124
0,0,27
0,0,49
0,0,54
0,0,116
0,0,145
0,0,157
0,0,94
0,0,42
0,0,121
4,1,146
0,0,61
0,0,65
0,0,118
0,0,158
0,0,87
0,0,152
0,0,86
0,0,90
0,0,107
21,1,168
19,1,77
0,0,75
0,0,68
14,1,53
0,0,74
0,0,29
0,0,91
0,0,21
0,0,18
0,0,60
0,0,45
0,0,52
5,1,54
0,0,62
0,0,82
0,0,121
0,0,155
0,0,41
5,1,113
8,1,45
0,0,198
0,0,109
16,1,161
0,0,81
0,0,167
0,0,123
0,0,156
0,0,117
0,0,129
0,0,100
0,0,115
0,0,125
0,0,67
0,0,122
0,0,55
0,0,120
2,1,68
0,0,83
1,1,66
0,0,89
0,0,88
0,0,130
0,0,80
0,0,108
0,0,36
29,1,94
0,0,73
0,0,57
0,0,147
0,0,93
0,0,112
0,0,39
13,1,98
0,0,82
0,0,104
3,1,62
21,1,100
5,1,133
0,0,109
0,0,75
0,0,101
0,0,77
0,0,53
0,0,78
0,0,68
0,0,115
0,0,127
0,0,96
0,0,156
0,0,166
0,0,113
0,0,126
0,0,105
16,1,101
10,1,119
0,0,56
0,0,84
0,0,49
0,0,140
0,0,82
0,0,95
29,1,66
0,0,65
0,0,91
0,0,88
0,0,60
0,0,92
0,0,57
0,0,22
10,1,94
30,1,23
0,0,51
0,0,127
20,1,114
0,0,150
0,0,46
26,1,101
0,0,62
0,0,63
0,0,132
0,0,129
0,0,130
0,0,162
0,0,134
0,0,118
0,0,135
0,0,141
0,0,61
13,1,79
0,0,148
0,0,49
0,0,90
0,0,97
0,0,136
0,0,107
0,0,187
0,0,65
0,0,53
0,0,36
0,0,29
0,0,66
0,0,126
0,0,145
11,1,114
0,0,57
0,0,32
6,1,149
0,0,47
0,0,128
0,0,73
0,0,115
26,1,66
6,1,132
17,1,82
0,0,103
0,0,80
0,0,89
0,0,159
0,0,189
0,0,88
0,0,23
0,0,118
0,0,34
0,0,67
8,1,99
0,0,96
0,0,138
0,0,137
26,1,129
0,0,143
0,0,123
0,0,98
0,0,85
0,0,100
0,0,90
0,0,105
0,0,94
0,0,55
14,1,60
0,0,54
0,0,52
0,0,77
0,0,76
0,0,69
0,0,84
0,0,75
10,1,44
0,0,101
0,0,33
0,0,24
0,0,31
0,0,21
0,0,35
0,0,168
0,0,151
23,1,117
0,0,136
0,0,23
0,0,139
0,0,102
0,0,59
0,0,130
27,1,149
0,0,166
0,0,163
0,0,106
1,1,149
0,0,103
0,0,133
7,1,62
0,0,53
0,0,125
0,0,93
0,0,150
0,0,70
0,0,80
30,1,73
0,0,45
0,0,76
0,0,49
0,0,58
0,0,88
28,1,111
0,0,174
29,1,28
0,0,170
14,1,62
0,0,61
0,0,66
7,1,110
0,0,95
0,0,35
0,0,153
0,0,100
0,0,63
0,0,57
0,0,71
0,0,97
0,0,171
0,0,137
0,0,105
0,0,85
0,0,90
0,0,133
0,0,176
0,0,121
0,0,135
0,0,131
0,0,92
0,0,55
0,0,116
0,0,108
0,0,165
0,0,124
29,1,92
0,0,94
0,0,93
0,0,132
0,0,143
27,1,108
0,0,96
0,0,149
0,0,65
0,0,88
0,0,82
0,0,70
0,0,102
0,0,58
0,0,77
0,0,19
0,0,151
3,1,120
3,1,121
0,0,115
0,0,162
0,0,145
0,0,64
0,0,90
0,0,127
0,0,75
0,0,154
0,0,123
0,0,150
0,0,101
2,1,137
0,0,153
0,0,136
0,0,164
0,0,185
16,1,173
0,0,97
0,0,158
0,0,160
0,0,107
0,0,41
0,0,71
0,0,109
0,0,138
0,0,198
0,0,103
0,0,56
0,0,91
2,1,45
0,0,69
0,0,82
0,0,105
0,0,63
25,1,83
13,1,101
8,1,139
0,0,47
25,1,41
24,1,111
24,1,152
0,0,92
0,0,99
0,0,38
0,0,175
0,0,141
6,1,106
15,1,152
0,0,121
0,0,143
0,0,73
0,0,81
0,0,64
0,0,86
23,1,112
0,0,109
0,0,75
9,1,107
0,0,189
0,0,129
0,0,94
0,0,53
0,0,74
15,1,64
0,0,96
0,0,117
0,0,82
0,0,71
0,0,97
2,1,77
0,0,108
0,0,59
0,0,79
0,0,19
0,0,70
27,1,78
0,0,39
0,0,154
0,0,121
0,0,131
0,0,155
0,0,55
0,0,84
8,1,75
8,1,197
0,0,102
0,0,116
0,0,133
0,0,69
29,1,152
0,0,176
0,0,171
0,0,105
5,1,89
0,0,157
0,0,137
0,0,114
0,0,93
0,0,107
0,0,100
0,0,138
0,0,110
0,0,177
0,0,120
0,0,109
0,0,47
0,0,92
0,0,63
0,0,59
0,0,94
0,0,111
0,0,161
0,0,153
0,0,139
0,0,101
0,0,86
0,0,108
0,0,55
30,1,127
17,1,108
0,0,134
0,0,190
14,1,91
0,0,183
30,1,95
0,0,72
13,1,65
0,0,82
14,1,84
0,0,77
0,0,146
0,0,162
0,0,171
0,0,102
0,0,75
0,0,128
0,0,132
0,0,148
0,0,153
0,0,114
0,0,110
0,0,94
0,0,137
0,0,76
0,0,105
0,0,70
0,0,141
0,0,64
1,1,62
0,0,164
0,0,92
13,1,107
0,0,145
0,0,93
23,1,138
0,0,96
0,0,113
0,0,88
0,0,161
20,1,86
0,0,122
0,0,136
0,0,66
0,0,57
0,0,55
0,0,149
28,1,114
0,0,109
0,0,97
14,1,144
0,0,98
0,0,115
0,0,142
0,0,111
0,0,79
8,1,111
0,0,90
0,0,176
0,0,148
0,0,125
28,1,225
0,0,59
0,0,73
8,1,97
0,0,82
14,1,76
0,0,37
0,0,89
0,0,84
0,0,174
0,0,151
0,0,93
0,0,108
17,1,75
0,0,80
0,0,168
0,0,235
0,0,127
0,0,92
15,1,75
0,0,91
0,0,177
0,0,178
0,0,199
0,0,162
19,1,67
0,0,96
0,0,51
0,0,129
0,0,69
20,1,163
0,0,58
0,0,130
0,0,191
30,1,135
20,1,169
0,0,37
0,0,66
0,0,98
0,0,100
0,0,56
0,0,145
9,1,109
0,0,108
0,0,150
0,0,75
0,0,165
0,0,202
0,0,193
0,0,215
0,0,124
0,0,86
0,0,28
0,0,64
0,0,157
0,0,115
0,0,113
0,0,173
0,0,147
0,0,138
0,0,123
0,0,151
0,0,156
0,0,118
0,0,55
0,0,121
0,0,126
0,0,103
0,0,78
0,0,127
8,1,196
23,1,180
0,0,194
0,0,111
0,0,109
0,0,71
0,0,95
0,0,114
0,0,129
28,1,98
8,1,134
0,0,97
0,0,47
0,0,80
0,0,77
0,0,73
0,0,132
0,0,53
0,0,63
0,0,90
7,1,102
0,0,216
0,0,82
0,0,88
0,0,142
0,0,92
0,0,84
0,0,117
0,0,135
0,0,103
0,0,100
3,1,149
0,0,56
0,0,99
0,0,235
0,0,202
28,1,179
0,0,167
0,0,86
0,0,101
0,0,24
0,0,93
0,0,83
17,1,144
26,1,164
0,0,61
0,0,116
0,0,66
0,0,73
0,0,180
0,0,139
0,0,65
0,0,108
16,1,113
0,0,72
0,0,133
28,1,72
0,0,70
0,0,177
0,0,211
0,0,214
0,0,228
0,0,230
0,0,115
0,0,123
28,1,54
0,0,150
0,0,162
0,0,127
0,0,169
0,0,149
0,0,105
0,0,95
0,0,172
21,1,206
0,0,107
0,0,74
0,0,139
0,0,170
0,0,161
0,0,100
11,1,175
0,0,116
0,0,189
0,0,89
0,0,60
0,0,96
0,0,88
9,1,153
0,0,50
0,0,79
0,0,115
0,0,146
0,0,179
0,0,94
0,0,158
0,0,75
0,0,106
0,0,82
26,1,197
7,1,76
0,0,165
0,0,174
0,0,103
7,1,119
0,0,118
0,0,85
0,0,97
0,0,154
20,1,174
17,1,139
0,0,98
0,0,116
15,1,90
0,0,121
0,0,120
0,0,56
0,0,156
0,0,53
0,0,47
25,1,102
0,0,113
0,0,184
27,1,139
0,0,55
19,1,80
0,0,44
0,0,68
0,0,167
0,0,175
0,0,70
0,0,86
0,0,164
0,0,99
0,0,129
0,0,155
0,0,133
0,0,62
0,0,112
0,0,160
12,1,206
0,0,200
0,0,221
0,0,58
0,0,52
0,0,151
0,0,149
0,0,156
3,1,168
0,0,169
0,0,153
8,1,79
0,0,189
0,0,111
3,1,119
0,0,128
8,1,107
1,1,132
0,0,152
0,0,162
0,0,207
0,0,211
0,0,204
19,1,85
0,0,165
0,0,114
19,1,154
0,0,157
0,0,163
11,1,182
0,0,201
0,0,67
0,0,57
0,0,101
0,0,88
0,0,83
0,0,156
0,0,195
0,0,197
0,0,147
0,0,87
0,0,61
0,0,71
0,0,146
30,1,122
19,1,143
0,0,164
0,0,185
0,0,224
0,0,111
0,0,98
0,0,95
28,1,114
0,0,140
0,0,126
11,1,140
0,0,149
0,0,106
9,1,141
0,0,104
0,0,176
0,0,161
10,1,124
0,0,113
19,1,65
0,0,144
0,0,192
0,0,231
0,0,155
0,0,118
0,0,122
15,1,120
0,0,81
0,0,181
0,0,138
23,1,138
0,0,247
0,0,169
0,0,200
0,0,194
0,0,98
0,0,107
0,0,88
0,0,127
4,1,111
0,0,163
0,0,154
14,1,196
0,0,47
0,0,97
0,0,12
0,0,95
0,0,92
5,1,144
14,1,104
16,1,130
0,0,122
0,0,121
0,0,94
0,0,150
0,0,184
0,0,168
0,0,158
0,0,53
0,0,77
0,0,116
0,0,103
0,0,87
27,1,204
10,1,151
5,1,74
0,0,73
0,0,46
0,0,62
0,0,131
0,0,194
0,0,155
0,0,251
0,0,214
0,0,247
0,0,216
0,0,91
0,0,86
0,0,174
0,0,202
28,1,112
24,1,190
0,0,124
0,0,134
0,0,129
0,0,89
0,0,126
0,0,133
0,0,125
0,0,85
8,1,145
0,0,127
6,1,176
0,0,123
0,0,137
0,0,74
15,1,128
0,0,147
0,0,171
0,0,197
0,0,208
0,0,168
0,0,50
0,0,135
27,1,79
0,0,153
0,0,43
0,0,69
0,0,122
21,1,114
0,0,161
0,0,218
0,0,173
0,0,190
0,0,88
0,0,75
0,0,93
0,0,77
0,0,62
0,0,119
0,0,99
0,0,151
0,0,138
0,0,136
0,0,112
0,0,96
0,0,44
0,0,20
0,0,31
0,0,59
20,1,134
0,0,117
0,0,94
1,1,115
0,0,106
0,0,104
0,0,110
0,0,111
0,0,126
0,0,162
0,0,167
0,0,147
0,0,90
0,0,86
30,1,73
0,0,102
19,1,204
16,1,104
0,0,46
0,0,55
2,1,63
0,0,186
0,0,251
0,0,188
0,0,79
0,0,60
0,0,57
0,0,144
0,0,166
0,0,114
0,0,78
0,0,201
20,1,89
0,0,128
1,1,173
0,0,130
0,0,148
0,0,172
0,0,120
0,0,106
0,0,105
0,0,113
0,0,123
0,0,92
0,0,157
0,0,81
0,0,156
0,0,165
0,0,179
0,0,121
0,0,167
0,0,98
0,0,191
0,0,43
0,0,129
0,0,199
18,1,47
0,0,134
0,0,116
0,0,90
0,0,23
0,0,73
25,1,126
0,0,115
0,0,131
0,0,173
0,0,175
0,0,150
0,0,50
22,1,147
0,0,138
0,0,124
0,0,101
0,0,162
0,0,136
0,0,130
0,0,80
0,0,174
0,0,111
0,0,67
0,0,99
0,0,100
0,0,64
0,0,56
0,0,87
1,1,60
21,1,136
0,0,119
0,0,36
0,0,93
6,1,147
0,0,140
0,0,102
0,0,116
11,1,90
0,0,69
0,0,95
0,0,77
0,0,82
0,0,115
0,0,155
2,1,111
0,0,125
0,0,146
0,0,195
2,1,132
0,0,199
0,0,104
0,0,151
0,0,139
0,0,51
0,0,175
0,0,110
0,0,126
0,0,184
0,0,243
0,0,137
0,0,226
0,0,124
0,0,212
0,0,86
0,0,176
0,0,121
0,0,141
24,1,142
6,1,147
29,1,67
0,0,89
0,0,96
14,1,107
20,1,94
0,0,73
0,0,55
0,0,43
0,0,157
0,0,149
0,0,57
0,0,132
0,0,62
0,0,92
0,0,133
0,0,81
0,0,93
0,0,123
0,0,116
0,0,105
18,1,77
0,0,187
0,0,109
0,0,95
0,0,150
0,0,111
0,0,61
24,1,115
0,0,173
0,0,120
0,0,75
0,0,76
5,1,73
0,0,166
0,0,144
0,0,87
0,0,108
0,0,66
0,0,63
0,0,65
0,0,103
0,0,159
0,0,79
5,1,184
0,0,99
0,0,48
0,0,52
0,0,121
0,0,137
0,0,133
0,0,64
0,0,32
0,0,93
0,0,98
0,0,68
0,0,88
0,0,148
0,0,210
0,0,129
21,1,129
0,0,142
0,0,43
0,0,164
0,0,185
0,0,111
5,1,145
0,0,45
0,0,83
0,0,188
0,0,189
0,0,107
0,0,123
0,0,136
0,0,180
0,0,215
0,0,217
0,0,94
0,0,77
7,1,81
0,0,78
0,0,86
0,0,100
0,0,161
0,0,234
0,0,162
19,1,146
0,0,216
0,0,113
0,0,137
0,0,167
0,0,80
0,0,61
25,1,124
0,0,117
28,1,59
0,0,49
0,0,36
0,0,25
0,0,89
7,1,80
0,0,106
21,1,145
0,0,122
0,0,65
0,0,105
0,0,54
0,0,73
0,0,107
0,0,79
0,0,126
0,0,114
0,0,71
0,0,53
0,0,129
0,0,102
0,0,108
0,0,38
0,0,163
0,0,85
0,0,64
0,0,87
3,1,94
0,0,101
0,0,121
8,1,112
0,0,76
0,0,166
0,0,117
0,0,83
15,1,43
25,1,85
0,0,123
0,0,226
0,0,245
0,0,239
0,0,221
0,0,210
0,0,224
18,1,137
0,0,177
0,0,172
0,0,106
0,0,78
0,0,116
0,0,189
0,0,164
0,0,153
0,0,127
10,1,109
0,0,169
0,0,67
0,0,56
0,0,97
0,0,49
0,0,126
0,0,222
0,0,184
0,0,99
0,0,61
19,1,58
0,0,53
0,0,129
0,0,117
0,0,71
0,0,156
0,0,161
0,0,107
0,0,102
0,0,108
0,0,133
0,0,145
0,0,168
24,1,116
0,0,118
0,0,114
0,0,131
0,0,128
0,0,68
6,1,100
0,0,112
0,0,69
0,0,52
0,0,157
0,0,75
0,0,123
21,1,116
25,1,71
0,0,90
10,1,71
0,0,61
14,1,142
16,1,181
0,0,138
25,1,177
18,1,140
0,0,119
0,0,117
0,0,129
0,0,87
0,0,47
0,0,45
0,0,121
0,0,170
0,0,199
0,0,174
0,0,173
0,0,207
10,1,64
0,0,84
0,0,94
3,1,79
0,0,213
0,0,154
0,0,96
0,0,63
7,1,76
0,0,106
23,1,235
0,0,125
0,0,220
0,0,141
0,0,167
0,0,127
0,0,187
0,0,208
2,1,170
0,0,181
0,0,239
0,0,166
0,0,140
23,1,99
0,0,124
0,0,169
0,0,183
6,1,37
0,0,135
0,0,176
0,0,173
0,0,147
0,0,142
0,0,165
0,0,132
5,1,90
17,1,210
0,0,241
28,1,205
6,1,169
11,1,172
0,0,215
0,0,109
0,0,126
0,0,112
0,0,105
0,0,110
0,0,38
0,0,63
0,0,211
0,0,113
0,0,119
0,0,94
0,0,83
0,0,60
0,0,101
0,0,148
0,0,55
0,0,151
0,0,163
0,0,144
0,0,157
0,0,166
0,0,167
0,0,170
0,0,135
0,0,179
0,0,118
3,1,170
0,0,67
0,0,13
17,1,117
0,0,133
0,0,54
24,1,130
0,0,115
0,0,43
0,0,74
0,0,134
0,0,42
0,0,45
0,0,77
0,0,91
0,0,83
0,0,113
0,0,50
0,0,62
0,0,85
0,0,121
0,0,181
0,0,123
0,0,105
15,1,161
0,0,206
0,0,80
0,0,175
0,0,100
7,2,194
0,0,232
0,0,244
0,0,152
0,0,215
0,0,195
0,0,154
0,0,148
0,0,160
0,0,119
0,0,93
27,1,98
30,1,102
0,0,35
0,0,63
0,0,172
0,0,182
0,0,134
0,0,149
0,0,130
0,0,90
0,0,159
0,0,103
22,1,127
6,1,127
10,1,193
0,0,191
0,0,181
0,0,192
0,0,133
0,0,135
0,0,73
29,1,108
0,0,171
0,0,187
0,0,119
0,0,132
0,0,111
0,0,107
0,0,78
0,0,45
0,0,76
0,0,142
28,1,137
0,0,123
0,0,128
0,0,168
11,1,149
0,0,154
6,1,67
0,0,129
28,1,173
0,0,120
0,0,106
0,0,84
0,0,37
19,1,90
0,0,114
0,0,43
0,0,83
0,0,165
0,0,72
0,0,71
0,0,33
0,0,49
0,0,80
0,0,124
0,0,107
10,1,56
0,0,52
0,0,100
0,0,136
0,0,70
27,1,175
25,1,222
0,0,97
0,0,65
0,0,62
0,0,125
0,0,89
0,0,117
2,1,153
0,0,141
0,0,134
0,0,233
0,0,150
0,0,151
1,1,152
0,0,85
0,0,106
14,1,167
0,0,35
0,0,42
0,0,99
0,0,87
20,1,134
0,0,162
0,0,112
0,0,170
0,0,131
0,0,128
0,0,101
0,0,122
0,0,184
0,0,133
0,0,148
0,0,171
0,0,174
0,0,185
0,0,157
0,0,97
0,0,172
0,0,156
0,0,181
0,0,154
0,0,95
0,0,160
0,0,111
0,0,243
0,0,105
0,0,52
0,0,63
30,1,25
24,1,146
29,1,100
11,1,86
26,1,217
27,1,148
0,0,90
0,0,119
0,0,88
0,0,165
6,1,144
3,1,114
0,0,61
0,0,43
0,0,117
28,1,74
0,0,147
0,0,44
0,0,91
0,0,50
0,0,35
0,0,28
0,0,182
0,0,105
20,1,100
0,0,224
0,0,141
0,0,125
0,0,70
0,0,82
0,0,66
4,1,86
29,1,84
0,0,62
0,0,123
0,0,83
0,0,156
0,0,79
0,0,194
0,0,155
0,0,175
0,0,195
0,0,137
0,0,73
0,0,149
0,0,143
0,0,161
0,0,94
26,1,166
0,0,168
0,0,43
0,0,77
6,1,106
0,0,135
0,0,114
18,1,56
22,1,105
0,0,120
0,0,116
0,0,140
0,0,178
0,0,196
23,1,117
0,0,158
0,0,151
0,0,159
0,0,162
23,1,189
1,1,178
0,0,123
0,0,104
0,0,161
0,0,65
27,1,93
0,0,89
0,0,143
0,0,124
0,0,68
0,0,101
0,0,103
29,1,101
0,0,121
0,0,137
8,1,142
0,0,148
0,0,95
0,0,85
0,0,153
0,0,144
4,1,105
0,0,171
0,0,81
0,0,97
0,0,115
0,0,75
0,0,86
0,0,116
22,1,39
0,0,96
0,0,54
0,0,35
0,0,128
0,0,87
19,1,157
0,0,218
0,0,74
0,0,123
14,1,81
0,0,156
26,1,182
15,1,130
0,0,196
0,0,158
0,0,172
0,0,247
0,0,243
0,0,180
0,0,91
0,0,94
0,0,100
4,1,92
0,0,133
23,1,187
0,0,143
0,0,167
0,0,121
0,0,88
0,0,43
0,0,110
0,0,85
0,0,122
0,0,127
0,0,134
0,0,67
0,0,123
0,0,112
0,0,152
0,0,116
0,0,140
0,0,89
0,0,39
0,0,32
0,0,124
8,1,65
0,0,102
0,0,131
0,0,126
18,1,188
12,1,200
0,0,210
0,0,105
0,0,155
0,0,128
0,0,129
0,0,162
0,0,168
0,0,233
0,0,184
0,0,194
0,0,130
0,0,160
0,0,175
2,1,112
28,1,103
0,0,68
0,0,54
0,0,74
5,1,104
16,1,114
0,0,80
0,0,149
