0,1,2
0,0,141
0,0,133
0,0,195
0,0,193
0,0,224
0,0,208
4,1,204
0,0,134
0,0,184
0,0,176
0,0,187
0,0,183
0,0,69
0,0,67
0,0,174
0,0,3
0,0,207
0,0,172
8,1,185
0,0,190
0,0,95
2,1,177
0,0,192
0,0,217
2,1,189
0,0,186
0,0,169
19,1,199
22,1,195
0,0,164
0,0,144
0,0,211
0,0,129
0,0,178
0,0,196
0,0,161
0,0,222
0,0,209
0,0,206
0,0,188
0,0,163
0,0,127
29,1,178
0,0,174
0,0,148
0,0,153
0,0,159
0,0,160
8,1,234
0,0,177
26,1,173
0,0,200
0,0,96
0,0,147
22,1,92
0,0,134
5,1,102
1,1,27
0,0,22
0,0,143
0,0,33
0,0,41
0,0,28
0,0,71
0,0,47
0,0,61
0,0,38
0,0,39
0,0,167
24,1,136
0,0,223
0,0,192
0,0,225
0,0,123
0,0,164
0,0,189
8,1,182
1,1,173
23,1,86
3,1,78
7,1,165
1,1,174
3,1,85
0,0,191
0,0,190
0,0,185
0,0,178
0,0,218
0,0,197
0,0,183
4,1,184
0,0,199
0,0,180
0,0,210
0,0,147
0,0,179
0,0,203
3,1,211
0,0,187
21,1,218
0,0,194
0,0,186
0,0,205
0,0,162
0,0,221
0,0,181
0,0,173
2,1,179
0,0,155
0,0,139
30,1,181
15,1,143
0,0,123
0,0,99
0,0,176
4,1,169
0,0,125
15,1,122
0,0,113
0,0,82
0,0,78
0,0,89
0,0,90
2,1,113
0,0,53
0,0,141
13,1,117
0,0,105
0,0,5
0,0,130
0,0,154
0,0,47
0,0,194
0,0,195
0,0,98
0,0,167
22,1,161
0,0,177
0,0,175
0,0,174
0,0,166
28,1,127
0,0,152
0,0,176
0,0,153
0,0,158
0,0,159
8,1,183
0,0,171
0,0,114
7,1,188
30,1,207
0,0,182
8,1,183
20,1,189
0,0,216
0,0,184
0,0,179
4,1,137
0,0,132
0,0,91
0,0,112
0,0,123
0,0,126
0,0,190
0,0,214
0,0,187
29,1,180
15,1,193
28,1,145
0,0,160
16,1,166
0,0,147
0,0,144
0,0,169
30,2,166
0,0,154
25,1,170
0,0,149
0,0,113
0,0,98
0,0,105
0,0,93
29,1,51
0,0,21
0,0,53
0,0,75
9,1,128
0,0,208
0,0,188
0,0,89
0,0,84
0,0,86
17,1,155
0,0,165
0,0,178
0,0,96
0,0,175
0,0,162
0,0,123
0,0,161
0,0,151
0,0,179
0,0,166
0,0,153
0,0,139
27,1,207
0,0,129
0,0,185
12,1,165
0,0,190
0,0,183
0,0,167
18,1,116
0,0,120
0,0,147
0,0,164
23,1,197
13,1,167
10,1,171
0,0,122
0,0,84
0,0,83
0,0,173
0,0,114
24,1,159
23,1,244
0,0,224
0,0,142
30,1,141
0,0,104
0,0,182
0,0,140
0,0,145
0,0,151
0,0,178
0,0,139
0,0,143
0,0,0
23,1,154
0,0,158
0,0,149
0,0,144
0,0,100
0,0,87
6,1,112
0,0,85
0,0,95
0,0,101
0,0,105
0,0,119
0,0,37
0,0,41
0,0,69
0,0,73
0,0,172
0,0,188
0,0,132
0,0,102
0,0,99
0,0,64
0,0,140
15,1,183
0,0,157
0,0,155
0,0,152
0,0,180
18,1,130
0,0,186
0,0,67
0,0,131
7,1,160
0,0,171
6,1,135
0,0,111
0,0,120
0,0,161
0,0,216
27,1,172
9,1,158
21,1,131
0,0,113
0,0,211
27,1,162
18,1,143
0,0,154
0,0,191
17,1,97
0,0,201
0,0,114
0,0,184
21,1,158
8,1,192
0,0,179
0,0,144
30,1,137
21,1,96
0,0,145
0,0,136
0,0,177
0,0,169
0,0,138
0,0,79
0,0,157
0,0,151
12,1,134
0,0,125
0,0,127
0,0,139
16,1,103
0,0,93
0,0,73
0,0,86
0,0,132
0,0,77
0,0,28
0,0,64
0,0,255
0,0,176
0,0,195
0,0,183
0,0,154
0,0,152
0,0,66
0,0,85
0,0,141
0,0,153
26,1,152
0,0,155
9,1,126
0,0,101
1,1,102
0,0,123
0,0,135
13,1,72
0,0,98
0,0,181
23,1,180
21,1,147
23,1,170
0,0,160
0,0,166
0,0,206
0,0,169
0,0,185
0,0,182
0,0,178
6,1,138
21,1,109
0,0,88
0,0,114
0,0,175
0,0,148
0,0,177
0,0,115
0,0,188
22,1,129
0,0,199
0,0,210
0,0,143
2,1,171
11,1,163
0,0,128
0,0,91
0,0,144
0,0,197
26,1,164
0,0,141
0,0,146
0,0,151
0,0,150
0,0,125
5,1,141
7,1,107
0,0,79
0,0,116
0,0,86
0,0,71
0,0,73
0,0,41
0,0,42
0,0,52
0,0,237
0,0,205
0,0,76
0,0,179
0,0,183
0,0,67
0,0,47
0,0,66
25,1,131
0,0,137
0,0,148
0,0,149
0,0,81
0,0,154
0,0,160
5,1,154
0,0,78
0,0,124
0,0,4
0,0,74
0,0,99
0,0,45
0,0,23
6,1,222
0,0,140
0,0,161
19,2,155
0,0,136
0,0,167
0,0,217
0,0,175
0,0,153
0,0,170
0,0,156
0,0,147
0,0,182
2,1,137
0,0,129
0,0,120
0,0,213
0,0,104
19,1,141
0,0,144
0,0,210
0,0,247
22,1,213
0,0,197
0,0,212
0,0,143
27,1,170
0,0,126
0,0,149
0,0,127
0,0,152
0,0,130
0,0,110
0,0,123
0,0,150
0,0,136
0,0,115
0,0,92
0,0,113
0,0,157
0,0,78
0,0,168
0,0,39
0,0,103
0,0,71
0,0,172
0,0,154
0,0,114
22,1,34
0,0,193
0,0,173
13,1,37
0,0,33
0,0,58
5,1,153
28,1,140
1,1,136
0,0,137
0,0,179
0,0,186
24,1,150
0,0,129
0,0,120
0,0,180
0,0,138
0,0,41
0,0,5
15,1,111
0,0,116
0,0,84
0,0,210
0,0,149
0,0,86
0,0,171
19,1,147
0,0,121
0,0,125
0,0,145
0,0,144
25,1,104
0,0,185
0,0,148
0,0,177
0,0,146
0,0,170
0,0,87
0,0,103
1,1,101
0,0,129
0,0,199
0,0,93
0,0,216
0,0,189
0,0,151
0,0,109
0,0,102
11,1,203
0,0,223
0,0,214
0,0,211
0,0,182
0,0,100
30,1,171
24,1,136
30,1,93
0,0,73
0,0,68
0,0,24
0,0,55
0,0,84
0,0,115
0,0,58
0,0,37
0,0,186
0,0,185
0,0,101
0,0,161
0,0,162
0,0,63
4,1,100
0,0,155
0,0,150
0,0,156
7,1,124
0,0,151
0,0,131
0,0,82
0,0,67
0,0,118
0,0,178
0,0,128
0,0,6
0,0,14
0,0,133
0,0,29
0,0,65
0,0,109
30,1,85
0,0,69
22,1,87
0,0,47
0,0,38
0,0,180
0,0,192
0,0,159
0,0,163
0,0,93
0,0,123
25,1,105
0,0,154
0,0,196
0,0,139
25,1,196
0,0,135
9,1,173
30,1,144
0,0,199
0,0,198
0,0,130
2,1,193
10,1,102
0,0,94
0,0,136
7,1,132
18,1,89
0,0,84
0,0,77
0,0,74
0,0,75
0,0,78
0,0,79
0,0,76
0,0,52
0,0,20
0,0,8
0,0,11
0,0,54
0,0,105
0,0,91
0,0,62
0,0,41
0,0,57
0,0,191
0,0,175
0,0,182
0,0,159
0,0,93
0,0,126
0,0,186
0,0,178
0,0,222
0,0,160
0,0,156
0,0,154
0,0,118
0,0,125
0,0,101
0,0,86
0,0,135
0,0,179
0,0,133
0,0,68
5,1,55
0,0,12
0,0,22
10,1,131
0,0,109
0,0,0
9,1,7
0,0,8
0,0,161
0,0,74
0,0,129
0,0,227
0,0,136
0,0,43
0,0,145
5,1,109
0,0,169
0,0,250
0,0,170
0,0,193
0,0,178
0,0,180
0,0,112
0,0,132
0,0,125
0,0,135
0,0,139
0,0,121
0,0,88
0,0,84
0,0,45
0,0,87
1,1,82
1,1,67
0,0,95
0,0,69
0,0,92
0,0,74
0,0,58
0,0,124
0,0,137
0,0,138
0,0,116
0,0,106
0,0,18
1,1,16
0,0,23
0,0,48
0,0,51
0,0,13
0,0,99
0,0,56
0,0,96
0,0,109
20,1,180
0,0,157
0,0,118
0,0,167
0,0,168
0,0,152
0,0,129
0,0,132
2,1,164
26,1,162
13,1,36
30,1,167
28,1,12
0,0,111
0,0,2
1,1,9
0,0,58
0,0,83
27,1,73
0,0,10
0,0,77
0,0,11
0,0,231
0,0,72
0,0,39
30,1,88
0,0,193
0,0,109
0,0,101
0,0,100
0,0,180
0,0,205
0,0,255
14,1,153
0,0,99
0,0,81
0,0,92
1,1,95
1,1,81
14,1,85
0,0,64
0,0,49
0,0,93
0,0,138
0,0,120
0,0,137
0,0,150
0,0,159
0,0,165
0,0,123
3,1,170
0,0,167
0,0,152
0,0,156
0,0,129
0,0,103
0,0,84
0,0,47
0,0,8
0,0,18
0,0,32
0,0,24
0,0,60
27,1,32
25,1,89
0,0,80
15,1,153
0,0,172
0,0,181
30,1,130
0,0,173
0,0,166
0,0,137
0,0,127
0,0,106
0,0,77
0,0,20
0,0,206
0,0,199
0,0,176
0,0,0
0,0,75
0,0,76
0,0,39
0,0,3
0,0,79
0,0,108
0,0,112
0,0,71
0,0,1
0,0,128
0,0,51
0,0,48
0,0,73
0,0,81
0,0,120
0,0,200
28,1,154
0,0,165
0,0,113
1,1,145
0,0,238
0,0,252
27,1,146
0,0,100
0,0,131
0,0,156
0,0,155
0,0,143
0,0,163
0,0,148
0,0,151
0,0,150
0,0,170
0,0,177
0,0,132
6,1,166
1,2,168
0,0,141
9,1,161
25,1,143
30,1,155
16,1,139
0,0,1
0,0,21
0,0,11
0,0,18
0,0,17
0,0,36
0,0,76
0,0,55
0,0,65
0,0,93
0,0,75
28,1,179
0,0,181
0,0,173
0,0,167
0,0,119
20,1,115
0,0,101
0,0,62
25,1,111
0,0,230
0,0,215
0,0,226
0,0,225
0,0,128
0,0,87
0,0,130
0,0,108
0,0,0
14,1,113
0,0,105
0,0,48
0,0,78
0,0,135
0,0,104
0,0,13
0,0,12
0,0,147
0,0,124
0,0,21
0,0,171
0,0,219
0,0,188
0,0,74
0,0,91
0,0,67
0,0,100
0,0,229
0,0,243
0,0,252
0,0,253
1,1,255
0,0,193
0,0,167
0,0,155
0,0,158
0,0,156
0,0,149
0,0,111
0,0,122
15,1,136
1,1,146
0,0,116
0,0,114
0,0,105
0,0,127
0,0,147
15,1,126
0,0,132
1,1,121
10,1,3
0,0,108
0,0,16
0,0,19
0,0,30
0,0,22
0,0,8
0,0,4
0,0,0
0,0,66
0,0,96
0,0,168
0,0,169
0,0,175
0,0,180
4,1,117
0,0,88
0,0,65
0,0,135
0,0,177
0,0,179
0,0,253
0,0,151
0,0,237
0,0,218
0,0,251
0,0,112
0,0,126
0,0,124
0,0,148
0,0,59
0,0,72
0,0,94
0,0,89
0,0,52
0,0,107
0,0,161
0,0,143
0,0,125
0,0,45
0,0,79
14,1,15
0,0,98
0,0,180
0,0,147
0,0,206
16,1,95
0,0,85
0,0,209
0,0,241
29,1,209
0,0,231
0,0,255
0,0,248
0,0,238
0,0,113
0,0,136
0,0,117
0,0,108
0,0,99
28,1,102
0,0,183
21,1,135
0,0,134
0,0,90
9,1,124
0,0,116
2,1,141
0,0,112
13,1,105
0,0,115
7,1,7
20,1,0
0,0,26
0,0,9
0,0,8
0,0,2
0,0,3
6,1,52
0,0,153
0,0,155
0,0,158
19,1,161
0,0,176
0,0,144
0,0,100
0,0,66
0,0,53
0,0,219
0,0,204
0,0,227
0,0,222
0,0,172
0,0,251
0,0,170
0,0,99
0,0,117
0,0,157
0,0,120
0,0,30
0,0,56
0,0,72
0,0,39
0,0,81
0,0,95
0,0,106
0,0,102
0,0,83
7,1,166
0,0,101
0,0,24
0,0,47
0,0,154
0,0,123
5,1,119
0,0,138
0,0,118
0,0,206
0,0,223
0,0,198
0,0,184
0,0,239
0,0,255
2,1,179
10,1,148
0,0,105
0,0,98
0,0,124
0,0,99
0,0,134
0,0,129
0,0,136
0,0,112
7,1,129
0,0,116
0,0,110
0,0,102
6,1,106
0,0,95
0,0,96
0,0,43
0,0,88
0,0,76
0,0,119
0,0,0
0,0,37
0,0,7
0,0,4
0,0,23
0,0,3
0,0,59
0,0,140
0,0,138
0,0,122
0,0,121
0,0,34
0,0,114
0,0,77
0,0,64
0,0,74
0,0,68
0,0,63
0,0,227
0,0,239
0,0,237
0,0,219
0,0,208
0,0,238
0,0,104
0,0,81
0,0,155
0,0,111
0,0,103
14,1,47
0,0,82
0,0,27
0,0,67
0,0,60
0,0,91
0,0,93
0,0,90
30,1,148
0,0,165
0,0,217
0,0,6
0,0,241
0,0,24
0,0,112
0,0,116
0,0,108
0,0,124
0,0,127
0,0,126
0,0,129
0,0,143
0,0,220
0,0,215
0,0,173
11,1,135
0,0,152
0,0,107
0,0,106
0,0,168
0,0,132
0,0,151
0,0,139
0,0,144
18,1,135
17,1,130
18,1,140
0,0,118
0,0,101
27,1,82
0,0,92
0,0,30
5,1,90
0,0,96
0,0,7
0,0,86
0,0,166
0,0,195
0,0,0
0,0,134
0,0,136
0,0,148
0,0,217
0,0,109
0,0,46
0,0,50
0,0,85
0,0,153
0,0,155
0,0,154
28,1,233
0,0,228
0,0,252
0,0,254
0,0,200
0,0,158
0,0,62
0,0,45
0,0,131
0,0,104
28,1,92
0,0,5
20,1,31
0,0,47
0,0,38
0,0,95
7,1,69
25,1,199
0,0,184
0,0,209
0,0,147
0,0,216
0,0,173
0,0,87
0,0,109
0,0,123
0,0,76
18,1,95
0,0,100
0,0,164
0,0,71
0,0,146
0,0,137
0,0,148
0,0,135
0,0,140
0,0,136
0,0,129
0,0,133
0,0,141
0,0,138
6,1,129
5,1,124
0,0,143
10,1,128
10,1,111
0,0,112
0,0,97
0,0,94
0,0,87
0,0,69
0,0,72
0,0,84
0,0,96
0,0,99
0,0,109
0,0,165
0,0,53
0,0,70
0,0,132
30,1,150
0,0,51
2,1,96
0,0,92
0,0,104
0,0,144
0,0,161
0,0,160
0,0,142
0,0,195
0,0,236
0,0,184
0,0,231
0,0,189
15,1,35
0,0,67
22,1,98
0,0,16
0,0,243
0,0,210
0,0,255
0,0,252
2,1,219
0,0,125
0,0,6
0,0,75
7,1,255
0,0,251
0,0,201
0,0,165
25,1,216
0,0,254
0,0,140
0,0,55
23,1,73
0,0,32
0,0,59
0,0,118
0,0,93
0,0,42
0,0,102
0,0,111
0,0,136
0,0,130
0,0,129
0,0,147
0,0,124
0,0,138
1,1,125
0,0,123
0,0,142
10,1,120
0,0,114
0,0,128
15,1,116
0,0,145
0,0,96
0,0,95
0,0,80
0,0,77
0,0,62
0,0,65
0,0,20
0,0,51
0,0,60
0,0,59
15,1,98
0,0,112
0,0,113
0,0,82
0,0,83
0,0,70
0,0,74
0,0,148
0,0,144
0,0,130
0,0,137
30,1,117
1,1,174
0,0,106
0,0,154
0,0,168
0,0,48
0,0,53
0,0,38
25,1,172
0,0,235
0,0,238
0,0,244
0,0,229
0,0,255
1,2,253
0,0,246
0,0,254
0,0,234
0,0,164
0,0,212
0,0,225
0,0,62
0,0,33
0,0,113
0,0,226
0,0,251
0,0,7
0,0,24
0,0,11
0,0,14
0,0,22
0,0,29
0,0,18
11,1,77
0,0,156
0,0,122
0,0,130
0,0,134
0,0,127
0,0,124
0,0,138
0,0,132
0,0,136
7,1,133
0,0,115
0,0,135
0,0,137
11,1,105
0,0,125
0,0,97
0,0,114
0,0,108
0,0,82
0,0,79
0,0,85
0,0,74
0,0,20
0,0,70
0,0,89
0,0,52
0,0,143
0,0,119
0,0,100
0,0,98
28,1,58
0,0,90
5,1,157
0,0,102
21,1,108
0,0,113
0,0,99
0,0,109
0,0,177
0,0,126
0,0,153
0,0,185
0,0,77
0,0,63
0,0,25
0,0,250
0,0,235
0,0,232
3,1,249
3,1,222
6,1,208
0,0,225
0,0,255
0,0,238
0,0,209
7,1,173
0,0,111
0,0,184
0,0,124
0,0,74
0,0,161
11,1,240
0,0,16
0,0,15
0,0,3
0,0,9
0,0,0
1,1,57
0,0,112
0,0,102
0,0,131
0,0,123
0,0,121
0,0,125
2,1,128
0,0,116
7,1,113
0,0,144
0,0,151
6,1,128
0,0,171
0,0,179
0,0,122
0,0,150
9,1,113
0,0,105
0,0,96
0,0,72
0,0,98
0,0,48
0,0,68
0,0,42
0,0,16
30,1,164
10,1,33
0,0,64
0,0,165
0,0,56
0,0,77
0,0,19
0,0,130
0,0,107
0,0,111
0,0,126
0,0,112
0,0,115
0,0,110
0,0,142
0,0,138
0,0,149
0,0,59
0,0,79
0,0,95
0,0,239
0,0,237
2,1,223
0,0,214
0,0,252
0,0,143
0,0,129
0,0,81
0,0,127
0,0,86
26,1,48
0,0,34
0,0,67
0,0,64
0,0,36
0,0,65
7,1,87
27,1,123
0,0,92
0,0,5
0,0,16
0,0,9
0,0,7
0,0,74
0,0,97
19,1,8
0,0,114
0,0,122
0,0,105
0,0,141
14,1,128
0,0,137
1,1,165
0,0,143
1,1,219
0,0,228
0,0,156
0,0,242
0,0,253
0,0,95
0,0,121
16,1,107
0,0,119
5,1,129
0,0,46
0,0,60
25,1,77
0,0,99
0,0,115
0,0,44
0,0,51
0,0,159
0,0,58
0,0,39
0,0,17
0,0,127
0,0,118
1,1,125
3,1,117
0,0,111
23,1,89
0,0,9
0,0,72
0,0,32
0,0,79
0,0,41
0,0,196
0,0,136
0,0,200
0,0,176
3,1,20
0,0,63
0,0,42
0,0,38
0,0,40
0,0,36
0,0,78
0,0,23
0,0,28
0,0,47
0,0,61
0,0,73
0,0,57
0,0,45
0,0,75
0,0,84
0,0,98
7,1,56
0,0,80
0,0,62
0,0,0
28,1,100
0,0,34
0,0,119
0,0,103
0,0,124
0,0,127
0,0,144
0,0,130
1,1,117
1,1,144
0,0,134
0,0,154
0,0,201
0,0,153
0,0,19
0,0,150
0,0,155
0,0,182
0,0,125
0,0,128
0,0,131
0,0,116
0,0,107
0,0,68
0,0,27
0,0,6
0,0,102
0,0,67
0,0,22
0,0,17
0,0,170
0,0,10
0,0,38
0,0,65
11,1,91
23,1,121
30,1,112
20,1,112
0,0,104
0,0,100
9,1,111
0,0,80
0,0,50
0,0,54
0,0,33
4,1,194
0,0,181
0,0,184
0,0,0
24,1,10
0,0,20
0,0,27
0,0,11
0,0,6
0,0,37
3,1,20
0,0,40
0,0,49
0,0,52
0,0,63
0,0,29
0,0,22
0,0,24
0,0,56
0,0,87
0,0,112
0,0,53
0,0,82
17,1,11
0,0,141
0,0,3
0,0,8
0,0,144
0,0,113
0,0,136
0,0,111
0,0,123
0,0,109
0,0,117
0,0,143
6,1,167
30,1,98
0,0,61
0,0,34
0,0,0
0,0,213
0,0,235
0,0,120
0,0,132
0,0,114
0,0,100
0,0,179
0,0,52
0,0,39
0,0,47
0,0,43
0,0,49
0,0,55
0,0,51
0,0,82
0,0,162
20,1,28
1,1,68
0,0,81
30,1,114
20,1,119
0,0,97
22,1,125
0,0,92
0,0,105
0,0,5
0,0,62
0,0,48
0,0,36
11,1,198
0,0,171
0,0,147
0,0,44
0,0,18
0,0,9
0,0,8
0,0,7
0,0,3
0,0,0
0,0,30
0,0,1
0,0,16
8,1,17
0,0,29
0,0,21
0,0,60
0,0,32
1,1,9
12,1,64
0,0,66
0,0,26
0,0,37
0,0,71
0,0,111
0,0,67
0,0,95
3,1,95
0,0,93
0,0,82
0,0,117
0,0,155
0,0,125
0,0,103
0,0,140
0,0,174
0,0,3
0,0,30
0,0,80
0,0,16
0,0,36
0,0,122
0,0,135
0,0,109
0,0,138
17,1,118
0,0,106
0,0,91
0,0,4
0,0,13
0,0,27
0,0,12
0,0,59
0,0,63
0,0,157
0,0,200
0,0,168
0,0,0
30,1,68
7,1,112
0,0,113
18,1,86
0,0,92
0,0,126
0,0,120
0,0,100
0,0,89
0,0,20
0,0,72
0,0,53
0,0,47
0,0,137
0,0,163
0,0,194
0,0,5
0,0,3
2,1,53
0,0,48
0,0,51
26,1,33
0,0,44
0,0,4
30,1,5
0,0,2
4,1,2
14,1,0
0,0,1
17,1,10
0,0,7
21,1,0
0,0,54
0,0,39
0,0,108
0,0,95
0,0,77
0,0,80
0,0,129
0,0,114
0,0,117
0,0,139
3,1,110
0,0,103
0,0,112
0,0,93
28,1,38
0,0,51
0,0,55
17,1,104
0,0,98
1,1,96
21,1,143
26,1,95
0,0,61
0,0,99
0,0,151
0,0,173
0,0,28
0,0,69
0,0,72
0,0,2
0,0,3
0,0,8
0,0,33
0,0,57
0,0,89
0,0,129
0,0,167
0,0,100
0,0,126
0,0,94
0,0,86
0,0,110
0,0,122
30,1,56
0,0,13
0,0,46
0,0,50
15,1,157
0,0,0
0,0,68
2,1,12
0,0,19
0,0,17
26,1,11
12,1,31
10,1,23
0,0,5
0,0,2
8,1,0
1,3,3
0,0,6
0,0,1
0,0,18
0,0,49
0,0,53
0,0,24
0,0,72
0,0,77
0,0,84
0,0,103
0,0,94
0,0,102
0,0,101
0,0,89
0,0,108
0,0,97
0,0,100
0,0,32
0,0,60
0,0,40
0,0,44
0,0,57
0,0,141
0,0,110
0,0,83
0,0,137
0,0,150
0,0,119
0,0,51
0,0,68
0,0,0
25,1,26
0,0,14
0,0,48
26,1,66
0,0,76
0,0,47
0,0,28
23,1,40
0,0,77
0,0,95
0,0,101
0,0,92
19,1,150
0,0,115
0,0,102
5,1,58
0,0,85
18,1,60
0,0,41
27,1,60
30,1,141
28,1,58
0,0,19
0,0,31
0,0,21
3,1,16
0,0,14
0,0,50
0,0,46
0,0,131
0,0,108
0,0,6
0,0,4
0,0,2
1,1,0
0,0,5
4,1,7
0,0,27
0,0,23
0,0,13
0,0,29
0,0,43
0,0,3
0,0,79
0,0,87
0,0,110
0,0,85
1,1,114
0,0,103
0,0,100
0,0,125
0,0,99
0,0,84
0,0,44
0,0,66
0,0,80
0,0,14
0,0,124
0,0,75
0,0,123
0,0,117
0,0,101
0,0,90
0,0,108
0,0,107
0,0,6
11,1,64
0,0,9
0,0,7
21,1,154
0,0,202
0,0,52
0,0,38
0,0,23
0,0,54
0,0,82
0,0,87
0,0,94
29,1,92
0,0,86
0,0,110
1,1,86
24,1,102
0,0,96
0,0,91
0,0,65
2,1,83
0,0,43
0,0,26
0,0,114
0,0,16
0,0,55
0,0,40
0,0,25
27,1,31
3,1,8
0,0,75
0,0,44
0,0,134
0,0,38
0,0,0
0,0,1
0,0,4
0,0,6
14,1,0
0,0,21
0,0,10
0,0,47
7,1,0
18,1,90
0,0,76
0,0,78
0,0,87
0,0,92
0,0,97
0,0,139
21,1,92
0,0,105
0,0,113
2,1,103
0,0,56
13,1,13
0,0,37
0,0,86
0,0,98
0,0,137
11,1,104
17,1,107
0,0,80
10,1,8
0,0,49
0,0,129
0,0,164
0,0,171
0,0,174
0,0,169
0,0,7
0,0,10
19,1,74
0,0,73
0,0,108
0,0,115
1,1,110
0,0,119
0,0,101
0,0,68
0,0,113
0,0,102
0,0,65
0,0,38
0,0,91
0,0,69
14,1,95
17,1,64
0,0,81
0,0,47
0,0,96
0,0,58
0,0,34
12,1,42
0,0,79
0,0,85
6,1,14
0,0,33
0,0,4
0,0,12
0,0,3
0,0,2
0,0,6
0,0,55
8,1,7
0,0,24
0,0,25
0,0,29
7,1,33
0,0,94
0,0,110
20,1,87
0,0,117
0,0,102
0,0,66
0,0,125
0,0,141
0,0,147
0,0,103
0,0,122
11,1,27
0,0,20
2,1,84
0,0,86
0,0,96
2,1,117
0,0,114
0,0,42
0,0,32
0,0,67
0,0,58
0,0,26
0,0,76
0,0,64
0,0,107
0,0,146
0,0,135
0,0,171
0,0,4
0,0,80
0,0,63
0,0,30
0,0,104
0,0,95
0,0,99
0,0,115
20,1,88
0,0,60
0,0,82
0,0,87
0,0,109
4,1,39
0,0,65
0,0,54
0,0,112
15,1,76
16,1,65
0,0,68
0,0,75
0,0,43
0,0,28
0,0,29
2,1,30
0,0,42
0,0,27
0,0,32
0,0,16
0,0,0
0,0,19
2,1,16
0,0,8
7,1,15
6,1,20
0,0,44
0,0,17
11,1,32
0,0,99
29,2,100
0,0,101
5,1,112
0,0,109
0,0,107
0,0,140
0,0,106
0,0,121
0,0,93
0,0,75
0,0,39
0,0,69
0,0,103
0,0,116
0,0,92
0,0,144
0,0,110
9,1,87
0,0,74
0,0,61
0,0,58
27,1,24
0,0,212
0,0,111
0,0,41
23,1,150
0,0,6
0,0,33
13,1,99
0,0,96
0,0,100
0,0,122
9,1,68
0,0,117
0,0,89
0,0,104
0,0,73
9,1,112
0,0,103
0,0,116
0,0,124
0,0,78
1,1,86
13,1,96
0,0,50
0,0,53
0,0,46
0,0,48
0,0,37
0,0,54
3,2,40
0,0,1
0,0,5
0,0,12
0,0,21
0,0,11
0,0,20
0,0,22
0,0,34
0,0,33
0,0,29
11,1,47
0,0,56
0,0,27
0,0,72
0,0,82
29,2,129
0,0,103
0,0,89
0,0,92
0,0,94
0,0,100
0,0,88
0,0,108
0,0,77
0,0,63
0,0,64
24,1,6
0,0,73
21,1,89
8,1,116
0,0,144
14,1,81
0,0,107
0,0,37
0,0,134
0,0,219
0,0,245
0,0,10
0,0,56
0,0,98
0,0,135
0,0,32
20,1,116
0,0,83
0,0,115
0,0,82
17,1,107
0,0,111
0,0,105
0,0,91
0,0,74
0,0,101
0,0,92
0,0,90
5,1,113
0,0,77
13,1,82
0,0,104
10,1,82
0,0,51
27,1,77
0,0,62
0,0,65
17,1,46
0,0,50
0,0,44
0,0,39
0,0,2
0,0,36
0,0,29
0,0,17
0,0,18
0,0,53
0,0,34
0,0,45
0,0,60
0,0,80
20,1,55
6,1,86
0,0,95
28,1,105
0,0,108
0,0,106
24,1,101
0,0,110
8,1,87
1,1,62
0,0,112
0,0,61
0,0,64
0,0,78
0,0,114
0,0,113
18,1,93
5,1,90
0,0,102
9,1,3
0,0,161
0,0,242
0,0,220
0,0,224
0,0,5
0,0,57
28,1,163
0,0,15
0,0,83
0,0,94
28,1,108
3,1,105
0,0,106
0,0,79
27,1,84
13,1,100
0,0,112
30,1,99
13,1,81
12,1,87
0,0,67
0,0,73
0,0,96
0,0,85
0,0,63
24,1,85
0,0,69
0,0,70
0,0,61
9,1,49
0,0,60
0,0,57
0,0,58
0,0,52
0,0,76
0,0,15
0,0,46
4,1,78
0,0,51
0,0,64
0,0,66
0,0,55
8,1,88
11,1,86
0,0,99
0,0,127
0,0,97
0,0,138
0,0,108
0,0,115
29,1,85
0,0,65
0,0,83
0,0,166
0,0,69
26,1,80
0,0,109
0,0,103
12,1,117
0,0,79
0,0,60
2,1,100
0,0,89
0,0,123
0,0,118
0,0,149
0,0,214
0,0,78
0,0,95
0,0,128
0,0,132
29,1,88
0,0,87
3,1,98
20,1,103
0,0,107
0,0,96
25,1,93
0,0,130
0,0,119
0,0,104
0,0,109
18,1,78
20,1,92
0,0,101
0,0,79
11,1,74
0,0,52
0,0,82
0,0,56
1,1,91
0,0,65
0,0,69
0,0,44
0,0,67
0,0,68
4,1,61
0,0,45
2,1,49
0,0,59
5,1,73
0,0,58
0,0,83
0,0,86
0,0,60
0,0,42
0,0,111
23,1,116
0,0,121
0,0,72
0,0,138
0,0,92
0,0,110
0,0,99
0,0,88
0,0,97
0,0,103
0,0,98
0,0,56
0,0,87
3,1,86
13,1,73
7,1,166
0,0,71
0,0,66
0,0,53
0,0,54
0,0,69
0,0,39
0,0,108
0,0,154
0,0,197
0,0,48
0,0,52
0,0,106
0,0,142
0,0,102
26,1,101
26,1,111
0,0,114
6,1,105
0,0,116
25,1,96
0,0,107
0,0,97
0,0,123
0,0,99
3,1,81
0,0,89
0,0,79
0,0,84
0,0,72
0,0,78
0,0,59
14,1,123
3,1,87
0,0,66
0,0,56
0,0,70
8,1,64
0,0,74
0,0,60
25,1,57
5,1,79
0,0,53
0,0,85
18,1,60
0,0,96
0,0,75
5,1,82
0,0,109
0,0,111
0,0,110
0,0,131
0,0,179
0,0,95
0,0,119
0,0,105
0,0,91
0,0,107
0,0,88
0,0,84
4,1,80
28,1,83
0,0,98
0,0,72
0,0,138
0,0,69
0,0,100
0,0,94
2,1,98
0,0,51
0,0,23
27,1,123
0,0,172
0,0,231
0,0,43
16,1,86
0,0,87
18,1,86
0,0,103
30,1,106
0,0,97
20,1,106
29,1,77
0,0,73
19,1,118
10,1,84
0,0,107
0,0,96
13,1,92
0,0,94
12,1,76
25,1,73
0,0,88
25,1,83
6,1,84
0,0,45
0,0,75
4,2,61
4,1,83
0,0,58
0,0,70
0,0,63
0,0,87
18,1,79
17,1,76
19,1,104
0,0,77
0,0,81
0,0,100
0,0,128
0,0,130
0,0,108
5,1,91
0,0,106
4,1,85
29,1,103
0,0,90
0,0,86
0,0,97
0,0,114
0,0,68
29,1,89
0,0,94
14,1,64
0,0,16
0,0,8
0,0,39
26,1,106
0,0,115
0,0,207
0,0,92
0,0,66
0,0,82
23,1,104
0,0,95
6,1,100
26,1,96
19,1,94
0,0,79
10,1,90
6,1,105
21,1,114
0,0,107
0,0,108
7,1,80
20,1,106
14,1,91
13,1,72
19,1,81
17,1,82
3,1,98
0,0,93
0,0,67
0,0,73
10,1,82
0,0,76
0,0,92
1,1,87
0,0,88
20,1,82
22,1,78
0,0,99
0,0,113
0,0,84
0,0,62
0,0,157
0,0,63
15,1,89
0,0,83
0,0,107
30,1,97
0,0,101
0,0,102
0,0,85
0,0,121
2,1,103
0,0,104
27,1,72
0,0,70
0,0,95
0,0,73
0,0,61
0,0,34
0,0,22
0,0,39
0,0,29
0,0,88
0,0,75
0,0,115
13,1,96
0,0,109
0,0,86
0,0,93
26,1,105
29,1,100
5,2,103
0,0,89
0,0,108
0,0,102
0,0,90
0,0,114
0,0,126
16,1,101
0,0,99
0,0,112
8,1,122
0,0,79
20,1,93
27,1,99
29,1,89
19,1,87
0,0,95
0,0,110
1,1,104
5,1,90
15,1,76
0,0,72
9,1,85
0,0,98
23,1,83
1,1,80
0,0,86
0,0,57
0,0,180
0,0,109
0,0,69
1,1,195
22,1,71
10,1,98
0,0,112
16,1,121
0,0,97
22,1,96
0,0,78
0,0,94
29,1,74
10,1,40
0,0,39
0,0,33
0,0,26
0,0,29
5,1,85
0,0,87
0,0,91
1,1,104
0,0,89
0,0,109
0,0,124
24,1,87
0,0,86
21,1,110
7,1,80
27,1,101
0,0,125
0,0,93
11,1,79
28,1,87
0,0,83
13,1,47
0,0,88
0,0,84
0,0,82
0,0,98
28,1,87
0,0,90
0,0,100
4,1,95
21,1,127
0,0,103
28,1,97
1,1,108
0,0,92
29,1,96
4,1,100
26,1,97
23,1,93
0,0,86
0,0,156
0,0,134
0,0,56
1,1,57
0,0,121
24,1,114
0,0,125
0,0,106
0,0,118
0,0,89
0,0,104
0,0,102
0,0,74
0,0,79
9,1,75
0,0,101
0,0,88
0,0,47
0,0,37
0,0,7
0,0,14
0,0,39
0,0,36
0,0,66
0,0,82
0,0,68
0,0,99
0,0,100
19,1,100
0,0,126
22,1,112
30,1,110
0,0,115
9,1,94
23,1,97
0,0,116
0,0,92
15,1,74
0,0,85
0,0,128
0,0,89
15,1,107
0,0,109
0,0,98
0,0,91
0,0,86
14,1,114
0,0,119
0,0,125
0,0,87
0,0,78
0,0,129
9,1,89
0,0,106
13,1,78
30,1,90
16,1,94
1,1,103
0,0,72
0,0,95
0,0,66
0,0,81
0,0,165
0,0,159
0,0,188
0,0,40
0,0,59
0,0,33
0,0,100
0,0,128
0,0,85
0,0,146
0,0,140
25,1,93
0,0,109
1,1,90
0,0,87
22,1,84
0,0,70
0,0,130
0,0,65
0,0,44
0,0,48
20,1,72
0,0,30
0,0,62
12,1,66
22,1,93
0,0,97
0,0,110
0,0,105
0,0,104
1,1,116
21,1,99
0,0,117
0,0,107
29,1,101
1,1,77
0,0,111
0,0,86
0,0,98
0,0,94
0,0,78
0,0,102
11,1,106
8,1,112
18,1,126
24,1,97
0,0,122
20,1,114
14,1,173
0,0,45
0,0,92
0,0,90
6,1,93
24,1,96
0,0,84
0,0,117
0,0,91
0,0,113
0,0,99
23,1,141
0,0,251
0,0,192
1,1,176
0,0,203
2,1,157
0,0,167
0,0,138
0,0,100
0,0,56
0,0,118
0,0,81
0,0,87
0,0,85
0,0,52
0,0,104
0,0,95
0,0,103
0,0,124
0,0,90
0,0,57
0,0,45
0,0,42
0,0,55
0,0,61
0,0,77
0,0,75
0,0,88
0,0,91
21,1,86
0,0,99
0,0,101
0,0,92
0,0,107
1,1,82
22,2,100
0,0,110
0,0,111
0,0,105
0,0,113
0,0,72
0,0,94
30,1,67
4,1,100
0,0,116
0,0,84
15,1,100
0,0,87
0,0,114
15,2,96
0,0,80
0,0,102
16,1,97
0,0,65
0,0,32
0,0,184
24,1,97
0,0,112
30,1,106
0,0,123
0,0,93
0,0,99
12,1,93
0,0,166
0,0,212
0,0,224
0,0,233
0,0,191
0,0,203
0,0,179
0,0,169
0,0,177
0,0,175
0,0,135
0,0,101
0,0,14
0,0,48
0,0,219
0,0,78
0,0,94
21,1,77
0,0,92
0,0,88
0,0,95
0,0,90
0,0,87
28,1,86
5,1,84
0,0,76
0,0,91
3,1,88
0,0,89
0,0,83
0,0,105
14,1,105
20,1,89
0,0,102
29,1,106
0,0,103
0,0,99
25,1,97
0,0,74
30,1,93
0,0,82
0,0,114
0,0,94
0,0,100
11,1,104
0,0,85
17,1,115
0,0,79
0,0,96
0,0,78
0,0,107
30,1,96
0,0,136
0,0,152
0,0,111
23,1,75
0,0,199
0,0,194
19,1,163
0,0,118
17,1,112
9,1,78
0,0,175
0,0,183
8,1,176
0,0,198
0,0,216
0,0,211
0,0,212
0,0,192
0,0,186
0,0,120
0,0,147
0,0,113
0,0,16
0,0,60
0,0,27
0,0,81
0,0,114
0,0,190
0,0,77
0,0,96
0,0,102
0,0,90
0,0,97
0,0,88
0,0,101
0,0,94
1,1,88
5,1,79
0,0,83
8,1,90
6,2,103
14,1,109
1,1,94
0,0,92
22,1,95
23,1,118
0,0,93
0,0,98
0,0,82
13,1,83
29,1,95
17,2,119
0,0,72
0,0,89
0,0,104
22,1,88
0,0,105
0,0,114
21,1,84
21,1,94
0,0,172
0,0,184
18,1,50
0,0,109
5,1,188
0,0,199
0,0,164
14,1,100
0,0,147
0,0,165
0,0,158
0,0,171
0,0,167
0,0,170
0,0,185
0,0,207
0,0,216
0,0,208
0,0,190
7,1,187
28,1,45
0,0,42
0,0,75
0,0,56
0,0,95
0,0,66
0,0,86
0,0,113
0,0,84
1,1,121
0,0,93
0,0,97
0,0,103
0,0,135
30,1,104
0,0,72
0,0,90
20,1,94
0,0,108
0,0,110
11,1,94
0,0,114
14,1,105
0,0,112
8,1,116
0,0,37
17,1,103
0,0,87
0,0,89
0,0,91
0,0,95
0,0,98
0,0,88
0,0,126
25,1,100
0,0,68
0,0,120
23,1,139
9,1,75
0,0,119
0,0,113
0,0,84
30,1,113
3,1,94
0,0,156
0,0,185
0,0,170
0,0,71
0,0,55
0,0,201
0,0,183
0,0,223
0,0,215
0,0,208
0,0,176
0,0,158
0,0,175
0,0,169
0,0,179
0,0,164
0,0,177
12,1,204
0,0,174
0,0,199
0,0,157
0,0,171
0,0,45
21,1,73
0,0,87
0,0,86
0,0,76
0,0,84
0,0,102
0,0,105
0,0,97
0,0,91
0,0,116
2,1,99
0,0,96
0,0,77
5,1,95
0,0,94
0,0,75
0,0,104
0,0,93
0,0,106
3,1,117
0,0,121
6,1,115
0,0,111
0,0,101
21,1,97
0,0,100
5,1,104
0,0,103
22,1,87
28,1,100
26,1,85
0,0,98
5,1,102
3,2,106
10,1,84
23,1,94
0,0,83
0,0,108
12,1,95
0,0,107
0,0,80
0,0,165
0,0,222
0,0,218
0,0,136
0,0,173
0,0,188
0,0,201
0,0,211
0,0,187
0,0,185
0,0,175
0,0,152
0,0,174
0,0,171
0,0,177
10,1,159
0,0,190
0,0,163
3,1,201
0,0,150
0,0,48
0,0,237
0,0,252
0,0,240
0,0,91
0,0,82
0,0,98
0,0,89
0,0,102
0,0,112
0,0,79
0,0,94
0,0,107
0,0,100
0,0,93
0,0,96
0,0,104
0,0,110
2,1,95
0,0,101
0,0,78
3,1,93
18,1,119
12,1,110
15,1,98
18,1,88
28,1,90
13,1,97
0,0,86
0,0,85
3,1,113
0,0,103
0,0,92
0,0,75
30,1,100
30,1,97
3,2,103
0,0,106
0,0,122
17,1,105
13,1,106
0,0,111
0,0,93
0,0,70
0,0,13
0,0,209
0,0,181
0,0,172
0,0,168
0,0,191
0,0,194
0,0,192
0,0,182
0,0,165
0,0,171
0,0,138
0,0,139
0,0,137
0,0,146
0,0,154
0,0,170
0,0,180
0,0,174
0,0,127
0,0,53
28,1,235
0,0,249
0,0,255
0,0,87
0,0,102
29,1,89
3,1,89
0,0,90
0,0,88
0,0,112
0,0,106
0,0,100
3,1,93
0,0,104
0,0,94
0,0,101
6,1,99
12,1,69
0,0,95
18,1,116
10,1,101
0,0,115
0,0,96
26,1,90
0,0,91
0,0,92
25,1,83
13,1,109
0,0,97
0,0,73
0,0,80
28,1,115
0,0,105
0,0,66
0,0,88
27,1,100
0,0,110
16,1,104
8,1,101
0,0,112
6,1,113
19,1,108
0,0,94
1,1,162
0,0,172
0,0,199
0,0,178
0,0,188
0,0,195
0,0,170
0,0,126
0,0,122
0,0,99
0,0,132
0,0,111
5,1,140
0,0,86
6,1,19
0,0,20
0,0,67
0,0,76
0,0,244
0,0,250
0,0,253
0,0,104
0,0,98
0,0,91
0,0,82
29,1,93
0,0,128
2,1,92
0,0,103
0,0,116
0,0,97
12,1,100
5,1,103
0,0,107
25,1,82
0,0,111
0,0,85
2,1,94
14,1,97
0,0,89
16,2,85
10,1,98
0,0,119
21,1,80
0,0,115
0,0,84
0,0,81
21,1,100
14,1,92
0,0,83
0,0,105
30,1,101
0,0,131
30,1,96
0,0,118
0,0,121
0,0,109
2,1,105
16,1,105
0,0,99
0,0,88
0,0,153
0,0,133
0,0,142
0,0,157
0,0,161
0,0,147
0,0,130
0,0,97
0,0,91
30,1,71
0,0,94
0,0,72
0,0,54
0,0,24
0,0,41
0,0,52
0,0,79
10,1,97
0,0,145
0,0,248
0,0,238
0,0,76
0,0,84
27,1,122
0,0,92
0,0,102
0,0,93
0,0,98
0,0,100
0,0,112
0,0,96
0,0,103
0,0,104
0,0,116
10,1,97
0,0,68
0,0,90
0,0,89
7,1,88
26,1,101
15,1,109
0,0,74
0,0,86
0,0,81
13,1,97
0,0,105
19,1,82
18,1,81
0,0,77
0,0,84
0,0,85
0,0,79
19,1,95
21,1,118
13,1,107
3,1,99
28,1,117
30,1,96
28,1,111
30,1,94
16,1,99
0,0,144
0,0,138
0,0,182
0,0,122
0,0,123
0,0,120
25,1,69
28,1,88
0,0,75
0,0,67
0,0,18
0,0,39
0,0,57
4,1,94
0,0,109
0,0,114
0,0,89
0,0,19
0,0,17
12,1,94
0,0,91
6,1,98
0,0,100
0,0,108
0,0,118
0,0,110
3,1,96
0,0,107
5,1,94
4,1,99
0,0,101
7,1,98
0,0,86
16,1,105
25,1,85
30,1,92
0,0,88
25,1,96
0,0,93
0,0,84
30,1,83
0,0,78
0,0,69
3,1,77
27,1,92
27,1,105
0,0,116
27,1,103
0,0,100
0,0,124
0,0,117
30,1,108
0,0,115
0,0,109
0,0,97
2,1,106
0,0,102
15,1,97
0,0,88
0,0,64
0,0,37
0,0,72
0,0,35
0,0,65
0,0,87
0,0,53
0,0,71
29,1,72
0,0,82
24,1,155
0,0,144
0,0,120
0,0,104
0,0,94
22,1,103
0,0,90
0,0,78
0,0,89
0,0,110
0,0,99
0,0,91
0,0,95
1,1,106
5,1,116
8,1,102
0,0,92
0,0,100
0,0,121
12,1,86
12,1,90
0,0,84
16,2,88
22,1,90
0,0,129
0,0,97
0,0,85
0,0,69
17,1,83
0,0,108
6,1,77
0,0,76
0,0,80
3,1,92
16,1,101
0,0,105
15,1,106
0,0,98
0,0,104
6,1,120
0,0,100
0,0,111
5,1,107
0,0,117
23,1,99
25,1,113
0,0,90
13,1,117
0,0,93
0,0,72
0,0,56
0,0,39
0,0,20
0,0,5
2,1,39
0,0,8
0,0,37
0,0,40
0,0,64
0,0,66
0,0,33
25,1,97
0,0,85
0,0,68
0,0,32
0,0,54
0,0,71
0,0,58
0,0,69
0,0,55
0,0,88
0,0,115
0,0,91
13,1,91
0,0,96
0,0,92
1,1,103
0,0,73
0,0,76
0,0,82
0,0,98
0,0,114
9,1,88
0,0,94
11,1,91
19,1,62
6,2,87
0,0,86
0,0,85
0,0,83
4,1,90
0,0,136
0,0,99
0,0,78
0,0,64
0,0,70
0,0,95
29,1,79
26,2,91
0,0,105
0,0,97
12,1,115
0,0,103
0,0,108
1,1,110
4,1,105
22,1,117
5,1,100
0,0,111
28,1,76
0,0,94
0,0,69
0,0,38
0,0,68
0,0,46
0,0,37
0,0,40
1,1,61
0,0,59
0,0,65
0,0,58
25,1,74
26,1,52
0,0,21
0,0,28
0,0,49
0,0,51
0,0,45
0,0,47
2,1,84
0,0,118
1,1,106
29,1,99
0,0,83
0,0,90
0,0,86
0,0,102
3,1,93
23,1,107
0,0,85
11,1,106
0,0,91
0,0,76
0,0,81
0,0,80
0,0,89
1,1,95
10,1,82
0,0,74
0,0,115
0,0,113
0,0,69
4,1,85
0,0,71
0,0,73
9,1,97
23,1,99
0,0,84
2,1,102
28,1,97
27,1,109
3,2,97
0,0,98
14,1,115
0,0,103
0,0,90
18,1,90
20,1,86
0,0,80
0,0,76
0,0,54
0,0,42
0,0,49
29,1,63
0,0,59
3,1,78
0,0,65
12,1,64
0,0,53
0,0,19
0,0,22
0,0,16
0,0,9
0,0,29
0,0,40
0,0,39
6,1,55
0,0,87
0,0,99
0,0,82
0,0,96
30,1,90
0,0,81
4,1,91
7,1,101
0,0,88
12,1,84
0,0,85
12,1,78
15,1,94
0,0,86
20,1,89
14,1,79
18,1,78
0,0,68
0,0,65
14,1,76
27,1,71
0,0,73
14,1,95
0,0,109
0,0,92
29,1,86
25,1,85
0,0,101
0,0,115
0,0,100
10,1,79
0,0,102
28,1,105
7,1,118
0,0,108
0,0,93
21,1,83
0,0,89
0,0,106
5,1,90
0,0,78
0,0,107
0,0,84
0,0,70
0,0,65
0,0,75
0,0,71
0,0,88
0,0,66
2,1,41
0,0,28
0,0,23
0,0,13
0,0,31
0,0,5
0,0,30
0,0,35
0,0,29
12,1,98
0,0,85
1,1,83
0,0,80
18,1,89
0,0,92
1,1,95
4,1,93
0,0,94
0,0,84
3,1,99
0,0,86
0,0,69
2,1,95
0,0,90
15,1,89
0,0,87
0,0,79
2,1,89
0,0,97
0,0,100
26,1,93
0,0,74
0,0,98
0,0,75
28,1,98
0,0,107
0,0,106
29,1,91
25,1,98
3,1,80
0,0,77
22,1,77
7,1,95
0,0,96
30,1,103
0,0,86
24,1,84
30,1,78
0,0,81
0,0,101
0,0,73
22,1,77
0,0,94
13,1,69
0,0,79
0,0,61
0,0,74
0,0,24
0,0,28
0,0,32
0,0,20
1,1,26
0,0,22
7,1,25
0,0,16
0,0,52
0,0,88
0,0,93
16,1,79
28,1,91
29,1,77
0,0,99
8,1,93
7,1,77
0,0,102
0,0,86
0,0,80
0,0,103
13,1,81
0,0,89
0,0,85
0,0,90
0,0,96
0,0,82
0,0,97
3,1,90
0,0,72
14,1,96
28,1,84
0,0,8
0,0,5
0,0,55
4,1,103
0,0,107
19,1,100
0,0,92
0,0,104
11,1,93
0,0,88
0,0,75
0,0,77
8,1,109
26,1,77
20,1,115
27,1,91
9,1,85
0,0,74
2,1,84
0,0,61
0,0,83
0,0,78
0,0,69
0,0,76
3,1,74
0,0,71
0,0,37
0,0,10
0,0,29
0,0,39
0,0,43
0,0,22
0,0,42
0,0,34
0,0,26
1,1,29
0,0,63
0,0,73
1,1,92
22,1,94
0,0,59
0,0,103
0,0,77
0,0,96
0,0,95
0,0,90
30,1,106
28,1,91
1,1,90
13,1,86
0,0,80
7,1,98
8,1,86
0,0,81
12,1,84
0,0,82
0,0,87
0,0,140
20,1,39
0,0,33
5,1,86
0,0,109
