0,1,2
0,0,77
0,0,72
0,0,69
2,1,74
0,0,80
0,0,88
0,0,91
0,0,99
0,0,109
0,0,125
0,0,138
0,0,153
0,0,180
0,0,189
0,0,168
0,0,172
0,0,174
0,0,178
0,0,197
0,0,203
0,0,195
0,0,185
6,1,165
0,0,162
0,0,160
2,1,175
7,1,198
17,1,180
0,0,187
0,0,186
0,0,181
0,0,205
0,0,199
24,1,190
1,1,194
0,0,201
0,0,204
0,0,211
0,0,212
0,0,214
1,1,219
0,0,218
0,0,216
0,0,210
3,1,215
4,1,217
8,1,209
3,1,214
9,1,213
18,1,218
3,1,205
24,1,197
0,0,93
0,0,100
0,0,87
0,0,84
0,0,81
0,0,80
1,1,84
0,0,88
0,0,91
0,0,114
0,0,133
0,0,147
0,0,162
0,0,189
0,0,202
0,0,192
0,0,184
0,0,177
0,0,182
0,0,195
0,0,194
0,0,190
0,0,179
0,0,173
8,1,193
0,0,213
13,1,206
0,0,209
0,0,207
3,1,213
0,0,200
6,1,208
22,1,194
0,0,196
0,0,199
12,1,212
0,0,214
1,1,215
0,0,217
1,1,219
0,0,218
1,1,212
3,1,215
11,1,216
29,1,210
12,1,214
17,1,210
0,0,207
20,1,211
0,0,209
29,1,198
0,0,83
0,0,91
0,0,100
0,0,102
0,0,105
2,1,92
0,0,87
0,0,96
0,0,101
6,1,121
0,0,142
0,0,157
0,0,169
0,0,208
0,0,195
0,0,194
0,0,192
0,0,190
0,0,191
3,1,187
0,0,186
0,0,193
0,0,201
0,0,213
1,1,212
0,0,211
0,0,209
16,1,210
0,0,207
5,1,210
0,0,217
0,0,205
8,1,201
11,1,203
13,1,215
8,1,217
2,2,215
0,0,214
14,1,213
0,0,216
1,1,215
25,1,205
28,1,213
7,1,217
0,0,218
30,1,211
23,1,212
4,1,212
0,0,91
0,0,88
0,0,83
0,0,96
0,0,109
0,0,117
0,0,127
0,0,125
0,0,136
0,0,141
1,1,156
0,0,169
0,0,174
0,0,177
19,1,201
0,0,200
0,0,198
0,0,196
0,0,195
2,1,203
26,1,211
0,0,213
0,0,215
1,1,214
30,1,210
0,0,209
0,0,208
9,1,214
10,1,207
21,1,208
22,1,203
0,0,202
0,0,205
12,1,218
1,1,220
1,2,219
26,1,222
27,1,213
26,1,208
19,1,207
30,1,218
16,1,209
18,1,202
0,0,185
0,0,188
0,0,197
0,0,206
0,0,106
0,0,112
0,0,130
0,0,127
0,0,124
0,0,131
4,1,144
0,0,159
0,0,167
0,0,175
0,0,182
0,0,190
0,0,195
19,1,204
17,1,205
23,1,197
3,1,208
0,0,211
0,0,210
0,0,209
0,0,213
0,0,214
0,0,215
0,0,217
1,1,215
9,1,211
7,1,227
7,1,207
10,1,223
0,0,219
15,1,221
0,0,224
1,2,230
0,0,220
9,1,225
1,1,230
5,1,208
27,1,203
0,0,201
0,0,184
0,0,198
0,0,209
17,1,223
30,1,212
8,1,190
1,1,198
0,0,199
0,0,91
0,0,97
0,0,106
0,0,115
0,0,133
0,0,141
0,0,154
0,0,158
0,0,168
0,0,177
0,0,182
0,0,179
0,0,186
0,0,191
0,0,197
0,0,200
29,1,200
19,1,195
0,0,206
0,0,202
27,1,207
30,1,216
0,0,221
0,0,223
0,0,226
1,1,221
0,0,217
1,1,219
0,0,218
7,1,227
0,0,228
10,1,229
0,0,236
0,0,238
0,0,234
1,1,242
0,0,243
0,0,235
11,1,227
13,1,222
0,0,220
21,2,200
0,0,198
0,0,188
0,0,195
4,1,219
0,0,224
11,1,211
0,0,207
10,1,200
0,0,196
12,1,98
0,0,103
0,0,109
0,0,110
0,0,111
0,0,119
0,0,121
0,0,133
0,0,150
0,0,156
0,0,166
0,0,172
0,0,182
25,1,193
0,0,194
1,1,192
0,0,187
0,0,190
0,0,191
4,1,200
28,1,212
0,0,215
2,1,214
0,0,221
0,0,222
0,0,218
3,2,223
0,0,228
1,1,229
0,0,232
0,0,239
0,0,241
0,0,243
0,0,240
2,1,244
1,1,243
0,0,238
1,1,240
11,1,235
0,0,231
0,0,233
20,1,214
0,0,207
0,0,196
0,0,201
0,0,205
1,1,209
3,1,206
0,0,213
0,0,208
0,0,197
0,0,198
0,0,200
0,0,123
0,0,122
0,0,121
3,1,121
5,1,129
0,0,134
0,0,143
0,0,149
0,0,156
0,0,162
0,0,169
0,0,175
0,0,183
0,0,184
0,0,185
0,0,190
29,2,206
0,0,207
0,0,211
1,2,214
0,0,215
0,0,218
1,1,219
0,0,220
0,0,222
0,0,228
0,0,229
0,0,226
0,0,232
0,0,240
0,0,242
0,0,241
2,1,243
5,1,240
5,2,241
5,2,240
0,0,239
12,1,237
0,0,231
0,0,227
0,0,223
0,0,216
0,0,203
0,0,201
0,0,199
1,1,194
0,0,190
0,0,188
0,0,206
0,0,207
0,0,196
0,0,202
11,1,144
0,0,147
0,0,145
0,0,143
0,0,141
1,1,143
0,0,142
0,0,139
6,1,146
0,0,154
0,0,160
0,0,168
0,0,176
0,0,180
0,0,185
0,0,189
28,1,205
21,1,211
0,0,214
0,0,215
3,1,203
7,1,207
7,1,217
0,0,223
1,1,222
0,0,224
4,1,232
0,0,241
2,1,239
0,0,240
1,2,237
1,1,233
1,1,237
9,1,239
11,1,236
0,0,230
0,0,227
0,0,226
0,0,220
0,0,213
0,0,203
1,1,198
0,0,195
0,0,191
0,0,187
0,0,190
0,0,186
0,0,180
0,0,182
0,0,185
0,0,184
0,0,177
5,1,183
7,1,175
1,1,169
0,0,168
1,1,172
10,1,182
14,1,186
12,1,191
0,0,193
23,1,193
0,0,199
0,0,205
0,0,207
0,0,209
0,0,211
0,0,215
0,0,213
3,1,214
0,0,217
1,3,216
0,0,219
0,0,226
0,0,225
0,0,221
0,0,223
0,0,220
3,2,223
8,1,226
2,2,223
0,0,224
1,2,223
4,1,229
0,0,222
28,1,204
0,0,197
1,1,198
0,0,195
0,0,192
0,0,188
0,0,187
0,0,183
0,0,182
0,0,177
0,0,169
0,0,161
0,0,194
15,1,202
11,1,178
0,0,172
9,1,187
0,0,199
7,1,211
0,0,219
30,1,230
0,0,231
0,0,227
0,0,213
0,0,212
0,0,208
0,0,214
0,0,221
3,1,205
21,1,201
0,0,210
14,1,215
6,1,212
8,1,206
15,1,210
7,1,225
0,0,247
0,0,236
0,0,229
0,0,232
0,0,235
0,0,226
0,0,219
0,0,220
0,0,216
3,1,221
27,1,218
29,1,229
1,2,225
12,1,210
0,0,193
0,0,191
0,0,195
3,1,192
0,0,187
0,0,183
0,0,177
0,0,167
0,0,161
0,0,159
0,0,147
0,0,179
0,0,157
0,0,148
0,0,150
1,1,161
0,0,171
0,0,180
0,0,184
16,1,196
0,0,203
0,0,209
0,0,217
0,0,218
0,0,221
0,0,206
0,0,205
0,0,214
1,1,218
0,0,207
12,2,204
17,1,188
0,0,191
0,0,192
1,1,196
0,0,198
0,0,194
2,1,208
0,0,236
0,0,231
0,0,227
21,1,233
0,0,230
0,0,232
5,1,228
0,0,217
0,0,213
0,0,215
1,1,222
0,0,226
11,1,233
3,1,223
0,0,219
0,0,210
0,0,207
0,0,199
0,0,185
0,0,182
1,1,177
0,0,168
0,0,162
0,0,159
0,0,153
0,0,143
0,0,138
0,0,135
0,0,133
4,1,141
0,0,131
0,0,139
3,1,142
9,1,140
0,0,146
0,0,147
0,0,154
0,0,157
0,0,161
0,0,163
20,1,160
0,0,158
1,3,147
0,0,182
0,0,118
0,0,90
0,0,89
0,0,113
0,0,88
26,1,183
0,0,168
0,0,193
0,0,223
0,0,243
0,0,234
0,0,236
0,0,225
0,0,227
0,0,222
0,0,229
0,0,226
0,0,214
0,0,218
7,1,225
0,0,209
0,0,216
11,1,224
4,1,221
0,0,217
0,0,208
8,1,207
0,0,198
0,0,196
0,0,191
0,0,189
0,0,187
0,0,175
0,0,167
0,0,159
0,0,163
0,0,154
0,0,146
1,1,118
0,0,126
0,0,134
0,0,133
0,0,139
0,0,137
0,0,122
0,0,127
0,0,128
0,0,130
0,0,136
0,0,138
0,0,135
2,1,134
10,1,138
0,0,140
0,0,144
1,1,145
1,1,153
0,0,156
0,0,48
0,0,67
0,0,82
0,0,57
0,0,52
0,0,64
0,0,155
0,0,149
0,0,170
0,0,243
0,0,238
0,0,231
0,0,227
0,0,226
0,0,223
0,0,233
1,1,237
0,0,228
0,0,181
0,0,196
1,1,201
0,0,207
0,0,183
0,0,190
0,0,187
7,1,198
0,0,204
0,0,209
0,0,206
0,0,194
0,0,192
2,1,198
0,0,202
14,1,206
0,0,208
12,1,185
0,0,173
1,1,115
1,1,111
0,0,112
0,0,116
1,1,115
7,1,116
5,1,118
0,0,122
0,0,121
0,0,128
1,2,126
0,0,130
0,0,129
0,0,131
0,0,132
0,0,136
0,0,143
0,0,141
0,0,98
0,0,56
0,0,47
0,0,51
0,0,43
0,0,71
0,0,63
0,0,171
0,0,239
0,0,235
0,0,234
0,0,225
0,0,226
0,0,227
0,0,230
4,1,237
0,0,231
0,0,241
0,0,240
0,0,174
0,0,149
0,0,115
0,0,85
0,0,99
3,1,78
1,1,128
0,0,199
0,0,224
20,1,213
0,0,212
1,1,223
26,1,232
26,1,218
0,0,210
0,0,211
0,0,201
0,0,204
0,0,109
1,1,110
0,0,111
0,0,106
1,3,107
1,1,105
7,1,113
1,1,116
0,0,122
0,0,127
0,0,125
0,0,123
2,1,134
0,0,131
7,2,148
0,0,86
23,1,132
0,0,104
0,0,75
0,0,82
0,0,137
0,0,238
0,0,234
0,0,233
0,0,231
0,0,223
0,0,230
0,0,226
0,0,227
1,1,234
0,0,244
10,1,227
0,0,103
0,0,62
0,0,72
0,0,42
0,0,49
2,1,69
27,1,156
0,0,198
0,0,200
0,0,199
3,2,205
0,0,211
0,0,208
0,0,204
0,0,196
0,0,184
0,0,175
0,0,170
0,0,162
0,0,97
1,1,94
0,0,98
0,0,96
4,2,103
0,0,113
0,0,109
0,0,106
0,0,112
0,0,117
5,1,119
5,1,116
1,1,115
7,1,118
0,0,127
0,0,124
0,0,126
0,0,138
0,0,153
24,1,200
0,0,222
0,0,214
12,1,223
0,0,239
0,0,233
0,0,228
1,1,229
0,0,231
0,0,226
11,1,229
8,1,230
9,1,113
0,0,82
0,0,70
0,0,24
0,0,30
0,0,131
20,1,114
0,0,84
0,0,160
29,1,154
0,0,157
1,3,152
0,0,149
0,0,163
0,0,144
0,0,143
0,0,140
0,0,133
0,0,137
0,0,88
0,0,92
0,0,95
0,0,103
0,0,96
0,0,98
0,0,97
0,0,105
0,0,135
0,0,123
0,0,117
0,0,112
0,0,127
0,0,111
0,0,109
0,0,108
0,0,115
4,1,111
0,0,113
1,1,116
3,1,119
0,0,134
0,0,139
14,1,141
0,0,212
0,0,235
0,0,121
0,0,250
0,0,236
0,0,230
0,0,227
1,1,228
0,0,229
1,1,225
3,1,233
0,0,240
1,1,143
0,0,94
0,0,72
0,0,216
0,0,177
0,0,130
0,0,91
0,0,101
25,1,154
0,0,137
0,0,144
0,0,136
1,1,140
1,1,131
0,0,129
0,0,133
0,0,142
8,1,133
17,1,127
0,0,87
0,0,93
0,0,92
0,0,99
0,0,89
0,0,112
2,1,86
0,0,96
8,1,109
0,0,135
2,1,126
0,0,100
0,0,156
0,0,114
12,1,115
0,0,117
0,0,113
3,1,115
10,1,102
0,0,103
0,0,148
0,0,143
0,0,136
0,0,152
0,0,157
0,0,204
0,0,235
0,0,227
0,0,225
0,0,229
0,0,234
0,0,232
0,0,228
0,0,231
3,1,234
8,1,227
0,0,138
0,0,83
0,0,241
14,1,232
0,0,104
0,0,134
0,0,159
0,0,161
0,0,173
0,0,86
0,0,127
0,0,124
0,0,108
30,1,132
0,0,130
16,1,89
0,0,97
0,0,112
9,1,127
0,0,117
9,1,90
0,0,101
9,1,95
0,0,128
19,1,102
0,0,107
0,0,93
0,0,96
0,0,103
2,1,115
7,1,133
1,1,136
0,0,120
20,1,100
0,0,111
0,0,129
0,0,86
0,0,76
0,0,60
0,0,79
0,0,112
0,0,75
0,0,124
0,0,131
0,0,84
0,0,218
0,0,230
0,0,228
0,0,231
0,0,233
0,0,210
5,1,232
0,0,226
8,1,226
0,0,167
0,0,127
0,0,144
0,0,164
0,0,186
0,0,135
0,0,123
20,1,175
0,0,169
0,0,113
0,0,68
0,0,155
0,0,106
0,0,109
0,0,119
0,0,176
0,0,92
0,0,107
0,0,66
0,0,48
0,0,37
0,0,82
0,0,78
0,0,170
0,0,93
15,1,80
3,1,63
0,0,77
0,0,99
0,0,85
0,0,91
0,0,86
10,1,90
0,0,111
0,0,98
0,0,120
0,0,103
0,0,113
0,0,87
0,0,115
12,1,94
0,0,71
0,0,117
0,0,53
3,1,43
0,0,58
0,0,84
0,0,75
8,1,84
0,0,213
0,0,216
0,0,221
0,0,227
0,0,235
0,0,239
2,1,234
0,0,230
0,0,224
0,0,226
0,0,170
29,1,162
0,0,163
0,0,168
0,0,181
0,0,96
0,0,87
7,1,216
0,0,107
0,0,97
0,0,86
0,0,128
0,0,110
0,0,105
0,0,106
0,0,60
0,0,68
0,0,111
0,0,70
0,0,39
0,0,51
0,0,61
0,0,54
0,0,69
0,0,142
12,1,161
0,0,157
0,0,148
0,0,150
0,0,154
0,0,134
0,0,119
27,1,141
0,0,174
0,0,114
0,0,126
0,0,156
0,0,137
0,0,94
0,0,66
0,0,79
0,0,90
0,0,98
0,0,106
0,0,52
0,0,40
0,0,42
0,0,46
0,0,56
0,0,82
0,0,78
2,1,75
0,0,213
0,0,188
0,0,225
0,0,229
0,0,236
0,0,240
0,0,237
0,0,232
0,0,228
4,1,78
0,0,142
0,0,146
0,0,141
0,0,153
0,0,174
0,0,179
0,0,154
0,0,85
0,0,101
0,0,98
0,0,106
0,0,63
0,0,103
0,0,109
0,0,88
0,0,94
0,0,124
0,0,70
4,1,43
0,0,23
0,0,48
14,1,93
0,0,54
0,0,57
0,0,99
0,0,100
5,1,94
17,1,130
20,1,134
0,0,114
0,0,139
0,0,146
0,0,147
0,0,144
0,0,128
0,0,127
0,0,89
0,0,96
1,1,93
23,1,119
0,0,58
30,1,74
0,0,45
0,0,42
5,1,74
13,1,86
0,0,117
0,0,199
0,0,229
0,0,236
0,0,231
2,1,241
4,1,230
0,0,225
0,0,177
0,0,161
0,0,170
0,0,108
0,0,133
0,0,143
0,0,150
0,0,156
3,1,106
0,0,139
0,0,168
0,0,158
0,0,153
0,0,160
0,0,142
0,0,113
0,0,100
0,0,95
0,0,73
0,0,55
0,0,32
0,0,42
0,0,59
0,0,92
0,0,47
0,0,56
0,0,41
0,0,136
0,0,135
0,0,141
0,0,172
0,0,157
0,0,119
0,0,108
0,0,72
0,0,118
0,0,111
0,0,132
0,0,122
0,0,159
0,0,196
0,0,198
0,0,146
0,0,114
0,0,86
0,0,128
0,0,79
0,0,89
4,1,60
0,0,126
19,1,148
0,0,121
27,1,86
0,0,67
0,0,116
0,0,180
0,0,228
0,0,231
0,0,233
0,0,238
0,0,243
2,1,230
0,0,218
0,0,185
0,0,187
0,0,174
0,0,103
0,0,134
0,0,144
0,0,155
0,0,147
0,0,113
0,0,38
0,0,59
0,0,74
0,0,102
0,0,68
0,0,54
0,0,112
29,1,99
0,0,95
0,0,104
0,0,115
0,0,61
0,0,50
0,0,43
5,1,57
0,0,16
0,0,77
0,0,126
0,0,130
15,1,141
1,1,95
0,0,108
0,0,56
0,0,121
0,0,139
0,0,127
0,0,125
0,0,129
0,0,110
0,0,162
0,0,134
0,0,142
0,0,98
0,0,148
0,0,103
0,0,175
0,0,176
0,0,184
0,0,199
0,0,187
0,0,182
0,0,181
0,0,185
0,0,179
0,0,192
5,1,182
0,0,226
0,0,235
0,0,237
0,0,241
0,0,240
1,1,227
0,0,234
0,0,213
18,1,179
0,0,95
0,0,121
0,0,131
0,0,160
0,0,133
0,0,91
3,1,167
0,0,175
27,1,178
1,1,137
0,0,156
0,0,159
0,0,166
0,0,154
0,0,128
17,1,154
0,0,115
0,0,150
0,0,118
0,0,78
0,0,51
25,1,106
25,1,129
25,1,133
0,0,172
0,0,148
26,1,164
0,0,93
0,0,110
0,0,22
0,0,86
0,0,100
0,0,53
0,0,151
0,0,160
0,0,161
11,1,182
0,0,176
0,0,168
2,1,178
0,0,181
0,0,170
0,0,173
0,0,171
21,1,189
6,1,224
0,0,234
0,0,237
0,0,241
0,0,242
1,1,227
6,1,201
0,0,205
0,0,166
0,0,111
0,0,114
0,0,118
0,0,131
0,0,133
0,0,79
0,0,145
0,0,153
0,0,169
0,0,184
0,0,180
0,0,172
0,0,163
0,0,143
0,0,135
0,0,129
1,1,117
0,0,121
18,1,128
0,0,122
0,0,125
6,1,120
25,1,149
0,0,137
0,0,139
17,1,201
0,0,173
0,0,200
0,0,95
0,0,64
0,0,103
0,0,104
0,0,72
0,0,71
18,1,126
0,0,141
0,0,134
0,0,142
1,1,153
0,0,143
0,0,148
0,0,151
2,1,172
0,0,165
0,0,158
0,0,145
23,1,150
6,1,222
0,0,230
0,0,240
0,0,242
0,0,243
0,0,244
5,1,227
0,0,191
0,0,169
0,0,67
0,0,110
0,0,125
0,0,118
0,0,117
0,0,98
0,0,70
0,0,157
0,0,159
0,0,146
0,0,152
0,0,138
0,0,107
0,0,147
0,0,133
0,0,126
0,0,120
0,0,132
0,0,119
0,0,113
0,0,111
5,1,114
0,0,137
0,0,105
20,1,108
0,0,122
2,2,112
17,1,124
26,1,95
0,0,100
0,0,140
19,1,101
12,1,130
0,0,134
25,1,152
17,1,127
0,0,146
0,0,141
0,0,147
0,0,164
7,1,153
0,0,149
1,1,152
0,0,155
0,0,138
9,1,227
0,0,236
0,0,242
0,0,243
1,1,244
0,0,232
0,0,231
0,0,182
0,0,189
0,0,52
0,0,104
0,0,126
0,0,114
0,0,100
0,0,86
0,0,55
5,1,131
0,0,125
22,1,124
0,0,135
0,0,136
2,1,124
0,0,137
0,0,146
0,0,119
0,0,120
0,0,113
0,0,112
0,0,97
5,1,115
0,0,106
0,0,111
22,1,76
0,0,82
10,1,116
0,0,122
0,0,143
0,0,107
0,0,123
18,1,99
0,0,133
0,0,134
0,0,157
0,0,109
24,1,144
25,1,132
0,0,121
30,1,125
0,0,150
0,0,140
0,0,142
0,0,131
0,0,139
0,0,138
5,1,135
7,1,236
0,0,241
0,0,244
0,0,245
0,0,247
0,0,242
5,1,224
0,0,195
0,0,141
0,0,52
0,0,88
0,0,124
0,0,113
0,0,101
0,0,70
0,0,119
19,1,118
0,0,110
0,0,137
25,1,124
30,1,106
0,0,120
14,1,135
0,0,117
0,0,114
0,0,115
18,1,95
19,1,104
10,1,90
0,0,98
0,0,85
0,0,99
0,0,107
16,1,126
0,0,127
24,1,122
0,0,111
25,1,105
0,0,131
0,0,132
0,0,133
10,1,134
5,1,136
3,1,133
15,1,139
0,0,130
1,1,137
12,1,150
12,1,146
0,0,128
0,0,238
0,0,243
0,0,244
0,0,245
0,0,242
4,1,240
0,0,234
0,0,208
0,0,52
0,0,66
0,0,64
0,0,83
0,0,76
0,0,80
0,0,59
0,0,114
18,1,138
0,0,107
0,0,122
5,1,117
0,0,127
0,0,132
0,0,130
0,0,140
0,0,102
0,0,136
0,0,120
8,1,121
0,0,111
0,0,112
0,0,115
6,1,77
0,0,110
0,0,104
0,0,41
0,0,119
0,0,94
0,0,125
0,0,139
25,1,149
24,1,112
28,1,127
16,1,143
0,0,137
0,0,124
5,1,146
0,0,131
0,0,140
13,1,137
0,0,126
8,1,125
0,0,142
0,0,121
20,1,124
0,0,150
0,0,234
0,0,243
0,0,245
0,0,242
0,0,246
3,1,243
0,0,238
0,0,212
0,0,59
0,0,91
0,0,81
0,0,71
0,0,79
0,0,89
0,0,102
0,0,113
0,0,117
0,0,129
0,0,105
0,0,135
29,1,130
0,0,145
0,0,144
5,1,111
29,1,115
0,0,107
0,0,121
0,0,128
5,1,88
19,1,114
0,0,110
0,0,109
24,1,125
10,1,119
0,0,86
0,0,134
0,0,132
0,0,151
0,0,131
0,0,122
0,0,140
14,1,137
0,0,147
0,0,120
0,0,139
0,0,142
0,0,161
0,0,146
0,0,123
11,1,151
0,0,144
0,0,136
15,1,130
0,0,155
0,0,141
27,1,241
0,0,237
0,0,245
0,0,223
0,0,213
0,0,222
0,0,227
0,0,231
0,0,239
0,0,208
0,0,42
0,0,62
0,0,79
0,0,73
0,0,88
0,0,48
0,0,107
0,0,104
2,1,109
0,0,131
23,1,127
0,0,132
0,0,118
5,1,127
28,1,130
0,0,135
0,0,145
0,0,122
0,0,120
0,0,113
0,0,110
0,0,87
0,0,102
0,0,83
3,1,121
0,0,108
0,0,42
0,0,116
0,0,123
15,1,91
26,1,108
0,0,112
10,1,130
0,0,142
27,1,119
0,0,109
16,1,149
26,1,133
0,0,150
17,1,142
6,1,162
0,0,129
6,1,112
14,1,231
0,0,212
0,0,211
0,0,221
0,0,219
0,0,199
0,0,218
1,1,233
0,0,227
0,0,48
0,0,33
0,0,70
0,0,69
0,0,57
0,0,90
0,0,92
0,0,117
0,0,107
0,0,135
0,0,146
0,0,132
30,1,130
0,0,144
0,0,136
0,0,106
6,1,143
0,0,118
0,0,115
0,0,131
1,1,122
0,0,126
0,0,114
7,1,114
0,0,116
0,0,111
0,0,134
0,0,127
3,1,129
5,1,103
0,0,139
28,1,95
0,0,164
0,0,113
0,0,85
5,1,148
0,0,138
0,0,147
0,0,124
0,0,141
29,1,107
0,0,143
0,0,120
0,0,125
0,0,145
0,0,150
0,0,133
0,0,152
14,1,248
0,0,207
29,1,234
0,0,215
0,0,219
0,0,213
0,0,206
0,0,115
0,0,227
0,0,61
0,0,78
0,0,75
0,0,81
0,0,136
18,1,112
0,0,109
0,0,128
0,0,151
0,0,157
0,0,131
3,1,135
0,0,137
0,0,106
3,1,130
0,0,111
0,0,132
0,0,98
15,1,107
0,0,138
0,0,114
3,1,119
3,1,119
10,1,106
27,1,83
13,1,121
0,0,120
5,1,124
0,0,99
0,0,104
0,0,150
28,1,135
9,1,111
0,0,105
7,1,128
0,0,116
23,1,107
0,0,94
0,0,117
0,0,130
0,0,142
0,0,140
16,1,161
0,0,245
0,0,222
0,0,211
0,0,213
0,0,219
0,0,223
0,0,226
0,0,132
0,0,180
0,0,209
0,0,152
0,0,154
0,0,141
0,0,170
0,0,162
26,1,96
0,0,112
0,0,145
0,0,138
0,0,134
0,0,125
0,0,109
0,0,121
0,0,105
0,0,108
0,0,95
0,0,98
5,1,109
0,0,110
0,0,137
0,0,124
0,0,122
8,1,105
0,0,99
0,0,87
11,1,120
0,0,117
0,0,149
0,0,115
0,0,73
0,0,140
0,0,116
0,0,126
30,1,122
0,0,107
0,0,155
0,0,138
11,1,118
0,0,94
0,0,111
0,0,104
0,0,86
0,0,67
24,1,87
5,1,110
0,0,152
0,0,137
24,1,158
0,0,170
0,0,192
0,0,222
0,0,224
0,0,203
0,0,200
0,0,207
0,0,187
0,0,164
0,0,225
0,0,214
0,0,176
0,0,78
0,0,79
0,0,101
0,0,119
0,0,144
2,1,140
0,0,125
0,0,132
0,0,126
0,0,131
8,1,118
4,1,127
0,0,109
0,0,102
0,0,110
0,0,108
0,0,95
0,0,114
0,0,94
0,0,99
0,0,117
0,0,124
0,0,111
0,0,93
0,0,138
0,0,90
6,1,123
0,0,74
0,0,100
0,0,107
0,0,141
2,1,119
0,0,143
0,0,147
0,0,158
25,1,138
18,1,109
0,0,136
0,0,155
29,1,148
0,0,56
0,0,151
13,1,162
12,1,135
9,1,125
0,0,142
0,0,169
24,1,106
0,0,103
0,0,113
9,1,150
0,0,193
0,0,218
0,0,152
0,0,91
0,0,52
0,0,96
0,0,116
0,0,149
0,0,130
23,1,99
0,0,90
0,0,131
0,0,132
0,0,110
0,0,114
0,0,117
0,0,129
0,0,111
0,0,87
0,0,98
0,0,89
0,0,101
2,1,112
1,1,99
0,0,70
10,1,105
0,0,137
10,1,145
0,0,139
0,0,120
0,0,124
0,0,93
0,0,115
21,1,140
0,0,74
0,0,141
0,0,147
9,1,140
0,0,151
0,0,163
0,0,133
0,0,146
0,0,135
0,0,144
0,0,131
0,0,170
0,0,132
0,0,171
0,0,136
0,0,161
24,1,135
0,0,127
0,0,159
0,0,134
30,1,131
0,0,117
18,1,67
18,1,147
15,1,72
0,0,63
0,0,81
0,0,162
0,0,148
0,0,101
21,1,123
0,0,125
0,0,103
0,0,102
0,0,114
0,0,90
0,0,104
0,0,121
0,0,100
0,0,108
0,0,71
20,1,104
0,0,119
0,0,95
0,0,80
18,1,120
28,1,100
0,0,98
0,0,153
0,0,126
0,0,113
0,0,105
8,1,105
0,0,68
0,0,130
0,0,144
0,0,122
0,0,91
0,0,145
13,1,151
1,1,135
0,0,152
0,0,97
0,0,143
0,0,127
0,0,116
0,0,118
26,1,137
0,0,147
0,0,180
0,0,150
0,0,129
5,1,164
0,0,155
0,0,140
0,0,154
12,1,87
0,0,95
0,0,82
0,0,125
0,0,46
1,1,56
0,0,78
0,0,71
12,1,163
0,0,126
0,0,178
0,0,123
0,0,114
0,0,104
2,1,134
0,0,89
0,0,136
0,0,128
0,0,61
0,0,112
0,0,98
0,0,116
0,0,131
0,0,152
0,0,132
0,0,100
14,1,143
16,1,102
0,0,82
8,1,143
0,0,67
0,0,79
0,0,149
0,0,90
0,0,137
0,0,107
0,0,140
0,0,141
0,0,155
0,0,117
0,0,156
0,0,144
28,1,159
0,0,157
0,0,150
0,0,178
0,0,142
0,0,148
0,0,123
0,0,153
23,1,178
3,1,133
14,1,147
0,0,130
0,0,134
3,1,139
3,1,125
3,1,119
0,0,72
0,0,64
0,0,82
0,0,68
0,0,81
0,0,121
0,0,98
0,0,104
0,0,118
0,0,137
0,0,146
22,1,49
0,0,116
0,0,111
0,0,94
0,0,115
0,0,126
0,0,117
0,0,109
0,0,93
0,0,95
0,0,102
0,0,103
10,1,71
0,0,128
22,1,81
0,0,89
7,1,124
0,0,107
0,0,113
0,0,125
24,1,108
28,1,84
12,1,146
30,1,146
12,1,132
0,0,145
0,0,127
0,0,169
27,1,133
0,0,99
0,0,139
0,0,101
0,0,167
0,0,160
20,1,151
0,0,143
21,1,144
3,1,136
0,0,157
0,0,154
21,1,130
0,0,126
0,0,128
0,0,156
0,0,91
0,0,81
0,0,74
0,0,86
0,0,47
0,0,48
0,0,104
0,0,121
2,1,140
22,1,138
23,1,147
25,1,138
0,0,96
0,0,122
18,1,97
0,0,129
0,0,123
0,0,114
0,0,103
0,0,46
0,0,115
0,0,117
0,0,101
0,0,77
0,0,82
0,0,131
0,0,119
0,0,133
0,0,66
0,0,168
0,0,107
0,0,152
0,0,135
0,0,81
0,0,111
0,0,132
0,0,153
0,0,178
0,0,149
0,0,154
0,0,128
0,0,125
0,0,130
0,0,126
0,0,105
0,0,136
11,1,145
1,1,158
0,0,114
15,1,133
8,1,161
0,0,138
0,0,193
0,0,101
23,1,146
0,0,117
0,0,147
0,0,139
0,0,83
0,0,56
0,0,47
0,0,76
25,1,50
0,0,99
0,0,98
29,1,130
0,0,137
0,0,180
0,0,154
0,0,113
0,0,131
26,1,102
0,0,120
0,0,170
0,0,152
0,0,126
17,1,119
0,0,115
0,0,123
0,0,114
0,0,112
0,0,93
0,0,122
22,1,139
3,1,115
0,0,118
0,0,109
9,1,146
0,0,159
0,0,149
0,0,132
12,1,133
4,1,147
5,1,102
0,0,85
0,0,158
0,0,164
10,1,82
0,0,193
14,1,133
0,0,150
0,0,140
0,0,143
0,0,145
0,0,155
0,0,160
23,1,123
0,0,135
9,1,116
0,0,115
0,0,119
0,0,114
0,0,93
0,0,128
0,0,75
0,0,70
0,0,169
0,0,199
0,0,101
6,1,143
0,0,95
0,0,152
17,1,173
0,0,77
25,1,142
0,0,97
0,0,74
0,0,146
0,0,137
0,0,84
27,1,107
10,1,100
0,0,122
0,0,108
0,0,82
12,1,97
0,0,86
0,0,110
15,1,120
0,0,115
0,0,104
11,1,149
0,0,129
5,1,143
23,1,126
0,0,157
0,0,136
23,1,88
0,0,119
0,0,112
0,0,127
0,0,106
0,0,141
0,0,151
0,0,145
1,1,118
0,0,160
0,0,158
0,0,152
6,1,149
0,0,125
6,1,157
0,0,142
0,0,168
0,0,130
19,1,81
0,0,116
0,0,64
0,0,55
0,0,173
0,0,199
0,0,113
0,0,146
0,0,166
28,1,129
0,0,139
23,1,124
0,0,148
28,1,146
30,1,135
0,0,140
22,1,105
0,0,163
8,1,138
0,0,88
0,0,83
0,0,117
0,0,99
0,0,123
0,0,79
16,1,120
20,1,111
1,1,117
24,1,115
10,1,152
9,1,164
0,0,108
17,1,83
21,1,74
0,0,78
0,0,135
0,0,133
17,1,107
3,1,105
0,0,110
0,0,125
0,0,106
0,0,131
0,0,140
0,0,154
6,1,132
5,1,97
0,0,116
0,0,113
0,0,81
0,0,92
0,0,73
0,0,91
0,0,99
15,1,157
0,0,136
15,1,162
0,0,156
21,1,155
0,0,150
0,0,147
30,1,160
0,0,142
0,0,126
0,0,115
0,0,161
0,0,101
0,0,111
0,0,129
7,1,128
0,0,127
29,1,124
14,1,107
