0,1,2
0,0,175
0,0,186
0,0,191
0,0,192
1,1,193
1,1,194
1,2,195
0,0,200
0,0,207
0,0,203
0,0,199
1,2,200
0,0,201
0,0,209
0,0,212
0,0,219
0,0,224
0,0,228
0,0,231
0,0,236
0,0,238
0,0,242
1,1,244
1,1,247
0,0,245
0,0,50
0,0,27
0,0,56
0,0,55
0,0,61
0,0,42
3,1,160
0,0,154
0,0,157
0,0,179
0,0,148
0,0,158
0,0,96
0,0,52
0,0,64
0,0,68
14,1,83
0,0,90
0,0,53
7,1,125
0,0,108
0,0,75
0,0,228
30,1,237
0,0,229
0,0,230
0,0,218
0,0,214
0,0,209
0,0,213
0,0,211
0,0,212
1,2,211
5,2,210
7,1,213
11,1,215
1,1,214
17,1,218
5,1,219
0,0,221
0,0,223
0,0,232
0,0,236
0,0,241
0,0,245
0,0,248
1,1,241
7,1,230
11,1,211
0,0,201
0,0,197
0,0,184
0,0,179
0,0,177
0,0,198
28,1,219
26,1,203
0,0,167
0,0,176
0,0,172
3,1,179
0,0,192
0,0,175
0,0,169
1,2,168
1,3,171
0,0,162
1,2,167
19,1,169
0,0,180
30,1,185
0,0,186
0,0,188
0,0,189
0,0,190
0,0,191
24,1,192
0,0,193
0,0,195
0,0,199
0,0,201
1,3,204
0,0,203
1,1,206
0,0,211
0,0,215
0,0,222
0,0,227
0,0,231
0,0,235
0,0,240
0,0,242
0,0,249
0,0,245
0,0,45
0,0,72
0,0,93
0,0,32
0,0,16
0,0,49
0,0,58
0,0,50
0,0,56
0,0,168
0,0,189
0,0,159
1,1,165
0,0,34
0,0,69
0,0,66
0,0,60
0,0,71
0,0,51
0,0,85
6,1,76
0,0,55
0,0,113
0,0,122
0,0,86
0,0,232
0,0,238
30,1,223
0,0,215
0,0,212
0,0,213
0,0,216
1,1,218
0,0,214
4,1,215
3,1,214
0,0,217
5,2,215
6,2,215
15,1,219
0,0,222
22,1,225
0,0,231
0,0,239
0,0,241
0,0,243
0,0,249
0,0,242
3,1,237
8,1,225
0,0,201
0,0,209
0,0,236
0,0,211
0,0,200
0,0,208
4,1,235
0,0,233
0,0,226
0,0,198
0,0,175
0,0,173
0,0,174
0,0,202
0,0,182
0,0,177
0,0,190
3,1,172
0,0,171
1,2,170
1,1,171
7,1,170
0,0,166
10,1,176
0,0,161
0,0,167
3,1,177
0,0,178
0,0,179
0,0,181
0,0,183
0,0,186
0,0,187
24,1,193
0,0,195
0,0,194
2,1,197
0,0,196
2,1,197
7,1,198
6,1,202
0,0,206
0,0,209
0,0,212
0,0,217
0,0,222
0,0,229
0,0,232
0,0,237
0,0,246
0,0,247
0,0,50
0,0,61
0,0,92
0,0,27
0,0,7
0,0,0
0,0,25
0,0,18
0,0,24
0,0,43
23,1,208
0,0,218
0,0,22
0,0,39
6,1,74
0,0,78
0,0,57
0,0,94
0,0,91
0,0,216
0,0,84
0,0,79
22,1,110
0,0,124
0,0,129
30,1,243
0,0,222
0,0,227
0,0,238
0,0,9
0,0,15
0,0,20
29,1,132
0,0,229
0,0,226
0,0,225
0,0,224
3,1,222
0,0,219
0,0,220
0,0,221
6,1,227
0,0,228
0,0,232
0,0,231
14,1,228
0,0,233
0,0,237
0,0,244
0,0,239
17,1,202
0,0,217
0,0,223
9,2,213
10,1,243
11,1,245
0,0,241
13,1,235
21,1,221
0,0,212
0,0,190
0,0,181
0,0,188
0,0,175
0,0,173
2,1,181
0,0,179
5,1,176
0,0,174
0,0,170
8,1,171
0,0,177
0,0,155
0,0,94
0,0,64
0,0,91
0,0,104
0,0,85
0,0,162
9,1,172
20,1,174
23,1,178
0,0,180
0,0,183
0,0,186
0,0,189
0,0,192
1,1,194
0,0,198
0,0,200
1,1,199
4,1,197
1,1,198
7,1,203
0,0,206
0,0,211
0,0,216
0,0,222
0,0,230
0,0,235
0,0,240
0,0,249
0,0,52
0,0,71
0,0,120
0,0,130
0,0,48
0,0,6
0,0,2
0,0,25
0,0,30
0,0,81
0,0,46
0,0,79
0,0,41
0,0,17
0,0,22
0,0,58
0,0,110
0,0,66
0,0,85
0,0,92
0,0,35
0,0,26
0,0,82
0,0,108
0,0,86
0,0,107
0,0,78
0,0,131
0,0,187
0,0,242
0,0,238
0,0,69
19,1,7
0,0,10
0,0,15
0,0,12
0,0,14
1,1,238
0,0,239
0,0,236
0,0,230
0,0,226
0,0,225
3,1,236
7,1,240
0,0,241
2,1,236
0,0,228
0,0,232
0,0,235
15,1,242
5,1,197
0,0,217
14,2,242
7,1,238
16,1,243
0,0,244
2,1,242
0,0,245
4,1,240
25,1,229
0,0,206
0,0,210
0,0,178
0,0,180
0,0,182
2,1,193
0,0,186
0,0,181
0,0,130
0,0,122
0,0,107
0,0,125
0,0,171
0,0,102
0,0,151
0,0,115
0,0,100
0,0,153
0,0,162
0,0,82
2,1,173
0,0,174
11,1,169
0,0,170
0,0,172
5,1,178
22,1,184
0,0,187
0,0,190
28,1,194
0,0,197
0,0,199
0,0,201
0,0,203
0,0,200
0,0,198
6,1,196
3,2,203
0,0,207
0,0,213
0,0,222
0,0,226
0,0,232
0,0,239
0,0,238
0,0,80
0,0,54
0,0,76
0,0,84
0,0,21
0,0,92
0,0,19
0,0,38
0,0,55
0,0,14
0,0,41
0,0,0
0,0,15
0,0,58
0,0,57
0,0,94
0,0,71
0,0,63
0,0,90
0,0,88
1,1,65
0,0,117
0,0,75
0,0,60
0,0,96
5,1,107
0,0,91
0,0,142
6,1,6
1,1,7
0,0,8
4,1,13
0,0,19
0,0,23
0,0,234
0,0,232
0,0,229
1,1,232
0,0,236
0,0,244
1,1,248
0,0,241
1,1,240
7,1,236
0,0,239
0,0,242
5,1,227
0,0,210
0,0,213
3,1,234
8,1,237
0,0,231
25,1,243
21,1,242
1,2,248
21,1,246
28,1,239
10,1,232
0,0,207
0,0,188
0,0,182
0,0,179
0,0,180
0,0,178
0,0,177
4,1,112
0,0,149
0,0,130
0,0,143
0,0,113
0,0,159
0,0,128
0,0,138
10,1,146
0,0,172
14,1,176
3,1,169
0,0,170
1,1,172
0,0,174
21,1,180
0,0,183
0,0,186
0,0,189
0,0,192
0,0,194
0,0,199
0,0,201
1,1,198
0,0,196
1,2,197
8,1,202
0,0,207
0,0,213
0,0,219
0,0,223
0,0,230
0,0,236
0,0,239
2,1,60
0,0,43
0,0,67
0,0,89
0,0,237
0,0,0
0,0,13
0,0,48
0,0,23
8,1,10
0,0,49
5,1,51
0,0,74
0,0,134
0,0,83
0,0,93
0,0,80
0,0,79
0,0,85
3,1,75
9,1,72
0,0,46
0,0,152
0,0,104
0,0,12
0,0,6
0,0,5
1,1,3
0,0,7
0,0,17
1,1,21
0,0,20
0,0,232
0,0,230
1,3,241
0,0,242
0,0,243
3,1,241
3,1,242
0,0,240
4,2,245
0,0,244
0,0,235
0,0,220
0,0,196
0,0,213
0,0,236
5,1,200
0,0,225
0,0,221
0,0,211
0,0,233
4,1,232
0,0,228
4,1,244
0,0,246
28,1,239
0,0,234
0,0,224
0,0,198
0,0,188
0,0,189
0,0,183
0,0,179
0,0,178
0,0,173
0,0,147
0,0,148
0,0,112
6,1,164
7,1,111
0,0,137
0,0,123
0,0,88
0,0,97
7,1,171
0,0,172
1,1,170
1,1,169
6,1,174
1,2,183
27,1,187
30,1,190
0,0,193
0,0,194
0,0,195
1,1,197
0,0,196
6,1,195
0,0,199
0,0,201
1,1,204
0,0,209
0,0,216
0,0,222
0,0,234
1,1,236
0,0,243
0,0,69
0,0,50
0,0,90
7,1,207
0,0,33
0,0,10
0,0,15
0,0,54
0,0,5
0,0,48
0,0,57
0,0,81
0,0,100
0,0,80
0,0,135
0,0,89
0,0,74
0,0,92
0,0,72
0,0,101
0,0,65
11,1,60
0,0,39
0,0,88
0,0,146
0,0,7
0,0,6
2,1,3
3,1,11
0,0,21
0,0,14
0,0,27
0,0,217
0,0,233
0,0,226
0,0,221
0,0,206
0,0,228
0,0,242
0,0,239
0,0,241
0,0,243
2,1,244
6,1,244
3,1,247
0,0,246
8,2,242
13,1,231
0,0,238
16,1,234
0,0,229
2,1,242
0,0,198
0,0,43
0,0,58
0,0,65
0,0,61
0,0,47
0,0,89
0,0,210
0,0,227
0,0,204
10,1,183
1,1,179
1,1,180
0,0,177
1,1,181
0,0,154
5,1,90
6,1,102
0,0,117
0,0,131
0,0,139
0,0,137
0,0,134
0,0,158
0,0,165
0,0,166
1,1,167
0,0,168
1,1,169
0,0,170
0,0,176
0,0,182
0,0,185
0,0,184
2,1,186
0,0,187
0,0,189
0,0,190
0,0,193
0,0,194
0,0,192
1,1,193
4,1,194
0,0,197
0,0,201
0,0,199
0,0,202
0,0,109
0,0,107
0,0,87
0,0,114
0,0,138
0,0,203
0,0,240
0,0,46
0,0,78
0,0,235
0,0,238
0,0,222
25,1,8
0,0,11
0,0,1
0,0,27
0,0,26
0,0,43
0,0,48
0,0,69
0,0,80
0,0,83
0,0,85
0,0,105
0,0,92
0,0,93
1,1,59
7,1,83
0,0,100
0,0,112
0,0,30
0,0,4
0,0,6
1,1,12
0,0,18
0,0,9
0,0,15
0,0,202
0,0,215
0,0,207
0,0,195
0,0,187
0,0,189
0,0,204
0,0,231
0,0,234
0,0,232
3,1,230
0,0,226
0,0,233
0,0,237
0,0,241
0,0,245
1,1,246
4,1,241
13,1,238
7,1,242
10,1,237
5,1,92
0,0,28
0,0,21
0,0,36
0,0,27
5,1,37
0,0,63
0,0,91
0,0,153
0,0,189
0,0,183
0,0,177
0,0,154
0,0,167
0,0,181
0,0,186
0,0,179
3,1,150
0,0,127
0,0,176
0,0,126
0,0,162
0,0,78
0,0,166
0,0,136
0,0,108
0,0,110
7,1,161
17,1,167
19,1,168
1,3,169
1,1,173
0,0,174
0,0,180
28,1,183
0,0,184
2,1,185
0,0,186
0,0,187
2,1,186
4,1,188
1,1,194
0,0,195
0,0,182
0,0,121
29,1,129
0,0,104
0,0,131
4,1,163
0,0,223
0,0,208
0,0,24
0,0,23
4,1,224
0,0,232
0,0,40
0,0,14
0,0,21
0,0,19
0,0,7
0,0,47
0,0,58
0,0,60
0,0,88
0,0,97
0,0,84
0,0,101
0,0,109
24,1,93
0,0,76
0,0,64
0,0,38
0,0,48
0,0,96
0,0,113
0,0,4
0,0,12
27,1,24
30,1,29
0,0,212
0,0,198
0,0,201
0,0,182
0,0,181
1,1,183
0,0,200
0,0,219
0,0,222
0,0,218
0,0,217
0,0,211
4,1,226
0,0,232
1,1,245
0,0,242
0,0,236
6,1,237
0,0,239
5,1,244
0,0,247
0,0,246
0,0,208
0,0,48
0,0,9
0,0,25
0,0,14
0,0,8
0,0,67
0,0,49
0,0,74
0,0,30
0,0,65
0,0,73
0,0,92
0,0,185
0,0,179
0,0,113
0,0,177
0,0,174
0,0,155
0,0,176
0,0,150
0,0,128
0,0,96
0,0,180
0,0,170
0,0,183
0,0,175
0,0,37
0,0,178
0,0,169
0,0,28
0,0,148
0,0,163
4,1,168
6,1,169
2,2,170
16,1,171
4,2,172
0,0,173
29,1,175
20,1,179
27,1,181
0,0,182
28,1,183
0,0,185
0,0,187
1,1,193
0,0,67
0,0,82
0,0,140
0,0,167
0,0,157
0,0,141
16,1,139
12,1,237
0,0,204
0,0,10
0,0,0
0,0,207
0,0,209
0,0,242
0,0,248
0,0,208
0,0,24
0,0,18
0,0,9
0,0,13
0,0,16
0,0,51
0,0,86
0,0,78
0,0,72
0,0,97
0,0,101
0,0,114
0,0,89
0,0,59
0,0,44
0,0,28
0,0,49
0,0,60
16,1,19
0,0,21
0,0,11
0,0,206
0,0,238
0,0,222
0,0,189
0,0,183
0,0,182
1,2,184
4,1,187
0,0,198
0,0,196
10,1,211
0,0,220
0,0,215
0,0,218
0,0,217
19,1,203
0,0,209
0,0,234
0,0,243
0,0,240
0,0,236
0,0,237
0,0,245
0,0,226
0,0,22
0,0,23
0,0,10
0,0,13
0,0,27
0,0,88
0,0,61
0,0,120
0,0,140
0,0,161
4,1,75
0,0,63
0,0,138
0,0,170
0,0,129
0,0,165
0,0,174
0,0,149
0,0,136
0,0,166
1,1,110
0,0,141
8,1,109
0,0,184
0,0,168
20,1,181
0,0,179
0,0,116
5,1,170
0,0,171
1,1,170
2,2,177
0,0,176
27,1,175
0,0,173
27,1,172
29,1,174
8,1,176
11,2,176
0,0,178
0,0,183
26,1,189
0,0,186
0,0,70
0,0,66
0,0,65
0,0,139
0,0,160
0,0,120
0,0,123
30,1,110
0,0,112
0,0,214
0,0,230
0,0,236
0,0,74
0,0,241
0,0,244
0,0,246
1,1,237
0,0,29
0,0,8
0,0,26
0,0,9
0,0,7
0,0,19
0,0,40
0,0,44
0,0,75
0,0,85
0,0,101
0,0,114
0,0,104
0,0,81
0,0,34
0,0,10
0,0,0
0,0,227
0,0,245
0,0,248
1,1,250
4,1,241
0,0,235
0,0,199
0,0,186
0,0,201
2,1,185
0,0,184
2,1,185
2,2,187
1,2,188
4,1,191
0,0,190
2,1,222
0,0,217
0,0,209
0,0,233
0,0,226
5,1,202
0,0,13
0,0,15
0,0,10
0,0,6
0,0,59
0,0,62
0,0,154
12,1,194
0,0,220
0,0,232
0,0,238
0,0,123
0,0,41
0,0,50
0,0,162
0,0,158
11,1,159
0,0,151
1,1,181
0,0,184
0,0,141
0,0,138
0,0,131
0,0,118
0,0,73
0,0,94
13,1,175
0,0,188
11,1,171
0,0,173
0,0,174
1,1,175
3,1,177
0,0,166
0,0,164
0,0,176
0,0,180
14,1,175
0,0,178
5,1,176
2,2,177
10,1,175
15,1,180
0,0,183
0,0,185
0,0,199
0,0,162
0,0,165
0,0,77
0,0,104
7,1,157
0,0,151
2,1,157
0,0,168
0,0,114
0,0,225
0,0,229
0,0,233
0,0,237
0,0,240
0,0,245
0,0,244
2,1,4
0,0,19
0,0,25
0,0,12
0,0,5
0,0,16
0,0,14
0,0,60
0,0,87
0,0,96
0,0,97
0,0,65
0,0,86
0,0,35
12,1,69
0,0,85
0,0,211
0,0,243
0,0,248
0,0,249
2,1,246
3,1,242
0,0,241
0,0,217
0,0,205
0,0,188
0,0,186
1,6,187
1,1,188
0,0,190
1,1,192
0,0,193
0,0,194
2,1,191
4,1,198
0,0,195
0,0,11
0,0,7
0,0,8
0,0,15
0,0,16
0,0,57
0,0,121
0,0,146
0,0,197
0,0,207
0,0,225
0,0,210
0,0,232
0,0,234
0,0,252
0,0,61
0,0,100
0,0,186
0,0,148
0,0,180
0,0,189
0,0,168
0,0,122
0,0,154
0,0,166
0,0,131
5,1,118
0,0,132
0,0,129
9,1,176
0,0,159
0,0,181
0,0,169
0,0,175
0,0,178
0,0,167
11,1,93
17,1,163
0,0,151
0,0,133
0,0,95
0,0,96
2,1,153
0,0,182
30,1,178
0,0,177
1,3,180
0,0,183
0,0,145
25,1,172
0,0,202
0,0,195
0,0,131
0,0,104
7,1,171
0,0,135
0,0,152
0,0,185
0,0,209
1,1,219
0,0,230
0,0,231
0,0,233
0,0,236
0,0,238
1,1,240
0,0,6
0,0,20
0,0,25
0,0,26
0,0,8
0,0,15
0,0,24
0,0,21
0,0,54
0,0,92
0,0,87
1,1,73
0,0,67
0,0,59
0,0,65
0,0,33
0,0,249
0,0,247
1,2,245
1,1,250
7,1,244
27,1,236
0,0,205
0,0,187
0,0,190
0,0,192
2,1,188
0,0,189
2,1,188
4,1,190
8,1,191
1,2,192
4,1,194
6,1,188
0,0,111
0,0,5
0,0,9
0,0,17
0,0,90
0,0,85
0,0,71
0,0,112
0,0,138
0,0,206
0,0,238
0,0,197
0,0,228
3,1,233
0,0,243
1,1,99
11,1,62
0,0,77
0,0,168
0,0,181
0,0,175
0,0,177
0,0,178
4,1,176
0,0,180
0,0,150
0,0,147
0,0,54
0,0,86
0,0,19
0,0,16
12,1,174
0,0,68
0,0,79
21,1,127
0,0,141
0,0,122
0,0,135
0,0,140
0,0,124
0,0,117
0,0,128
0,0,99
0,0,119
0,0,179
0,0,183
30,1,180
26,1,181
29,1,184
0,0,208
0,0,207
0,0,203
3,1,174
0,0,143
0,0,133
0,0,191
0,0,144
0,0,153
12,1,177
0,0,194
0,0,226
0,0,202
13,1,228
0,0,232
0,0,231
2,1,232
4,1,0
0,0,17
0,0,14
0,0,15
0,0,24
4,1,20
0,0,54
0,0,37
0,0,84
0,0,91
0,0,101
0,0,89
0,0,112
3,1,72
0,0,5
0,0,243
0,0,242
0,0,236
0,0,239
0,0,244
0,0,245
1,2,248
0,0,247
7,1,236
0,0,215
0,0,235
0,0,231
0,0,194
0,0,187
0,0,190
0,0,191
1,2,192
0,0,193
1,1,192
1,2,191
11,1,193
0,0,197
0,0,10
0,0,13
0,0,65
0,0,138
0,0,126
0,0,132
0,0,84
0,0,144
0,0,221
0,0,206
0,0,180
0,0,250
0,0,241
0,0,225
0,0,212
0,0,223
0,0,234
30,1,86
0,0,107
0,0,127
0,0,121
0,0,155
0,0,187
0,0,145
0,0,156
0,0,173
0,0,166
0,0,192
0,0,71
0,0,91
0,0,9
0,0,13
0,0,5
0,0,2
0,0,177
0,0,79
0,0,54
0,0,88
1,1,118
23,1,73
0,0,66
0,0,82
0,0,117
6,1,76
30,1,99
0,0,72
0,0,128
29,1,184
2,1,179
0,0,218
0,0,200
0,0,201
0,0,211
0,0,191
0,0,171
0,0,166
0,0,133
1,1,141
0,0,162
0,0,148
11,1,188
12,1,208
0,0,224
0,0,213
0,0,228
0,0,227
0,0,234
1,1,231
5,1,0
0,0,21
0,0,10
0,0,19
0,0,18
0,0,14
0,0,55
0,0,30
0,0,40
0,0,88
0,0,85
0,0,87
0,0,98
0,0,111
0,0,120
0,0,59
0,0,233
0,0,230
2,1,238
0,0,242
0,0,245
0,0,241
2,1,248
4,1,246
0,0,240
2,1,251
1,1,246
0,0,235
0,0,249
0,0,253
0,0,198
0,0,191
0,0,193
0,0,192
0,0,199
4,1,191
2,2,192
0,0,195
11,1,25
0,0,23
0,0,149
0,0,142
0,0,114
2,1,117
0,0,118
0,0,106
0,0,152
0,0,215
0,0,213
0,0,224
0,0,227
0,0,222
2,1,227
3,1,220
0,0,136
0,0,95
0,0,73
0,0,120
0,0,96
0,0,75
0,0,128
24,1,181
0,0,8
0,0,9
0,0,3
0,0,76
0,0,67
0,0,4
4,1,2
0,0,186
0,0,45
0,0,60
0,0,65
18,1,133
0,0,82
0,0,52
1,1,47
0,0,43
0,0,74
0,0,58
11,1,110
0,0,88
0,0,86
0,0,85
0,0,206
0,0,210
0,0,229
0,0,175
0,0,183
0,0,189
0,0,199
2,1,193
0,0,181
4,1,162
0,0,172
0,0,152
0,0,177
0,0,208
0,0,204
8,1,207
0,0,200
0,0,230
0,0,222
20,1,216
0,0,225
5,1,236
0,0,4
0,0,59
0,0,27
0,0,19
0,0,24
0,0,31
0,0,52
0,0,43
7,1,77
0,0,69
0,0,76
0,0,93
0,0,127
0,0,75
0,0,54
0,0,232
0,0,242
0,0,248
0,0,254
0,0,250
0,0,244
0,0,240
0,0,245
1,1,246
1,1,245
0,0,247
0,0,239
5,1,248
0,0,231
0,0,243
11,1,248
3,1,234
0,0,216
0,0,221
0,0,193
1,1,189
0,0,191
0,0,192
0,0,188
0,0,22
0,0,31
0,0,25
0,0,57
0,0,143
0,0,133
0,0,155
0,0,135
0,0,171
0,0,199
0,0,211
28,1,191
0,0,236
23,1,202
23,1,217
1,1,113
0,0,62
0,0,75
0,0,97
0,0,36
0,0,69
0,0,65
0,0,60
0,0,23
0,0,8
0,0,10
0,0,4
0,0,12
2,1,0
4,1,2
0,0,1
0,0,190
0,0,57
0,0,76
0,0,84
0,0,128
0,0,200
0,0,230
27,1,128
0,0,67
0,0,79
1,1,59
0,0,46
0,0,80
1,1,138
3,2,176
0,0,183
0,0,160
0,0,188
0,0,165
0,0,125
0,0,208
0,0,164
0,0,181
0,0,189
0,0,184
7,1,156
13,1,186
0,0,197
0,0,202
0,0,199
0,0,185
0,0,215
0,0,228
0,0,78
15,1,223
0,0,217
0,0,59
0,0,36
0,0,29
0,0,22
0,0,21
0,0,15
0,0,13
0,0,63
0,0,57
6,1,65
0,0,85
0,0,83
0,0,88
0,0,124
0,0,56
0,0,34
0,0,240
0,0,238
0,0,245
0,0,241
1,1,243
1,1,241
0,0,242
0,0,239
5,1,237
0,0,235
0,0,236
0,0,227
0,0,234
0,0,230
8,1,247
19,1,244
1,2,236
8,1,210
0,0,200
0,0,209
0,0,195
0,0,24
0,0,10
0,0,19
0,0,26
0,0,96
0,0,151
0,0,100
0,0,185
0,0,203
24,1,132
0,0,93
0,0,164
0,0,182
0,0,213
17,1,189
0,0,204
23,1,219
0,0,188
0,0,42
0,0,88
0,0,105
3,1,10
24,1,37
0,0,7
1,1,5
0,0,4
1,2,3
1,1,2
1,1,221
0,0,106
0,0,38
0,0,82
0,0,99
0,0,159
0,0,196
0,0,183
2,1,130
0,0,68
0,0,40
0,0,50
0,0,56
0,0,90
0,0,93
0,0,63
0,0,98
0,0,96
0,0,119
0,0,131
0,0,176
0,0,233
0,0,206
0,0,158
0,0,160
0,0,165
0,0,179
0,0,190
0,0,178
0,0,177
0,0,189
0,0,195
12,1,174
0,0,175
7,1,169
0,0,207
0,0,220
0,0,227
0,0,110
0,0,104
0,0,83
0,0,45
0,0,85
0,0,42
0,0,53
0,0,46
0,0,10
0,0,23
0,0,16
0,0,101
0,0,28
0,0,47
0,0,87
0,0,72
0,0,80
0,0,117
0,0,67
0,0,36
3,1,234
0,0,238
0,0,229
0,0,228
2,1,227
3,1,230
5,1,227
0,0,223
0,0,210
0,0,187
0,0,170
0,0,157
0,0,146
0,0,221
0,0,235
0,0,218
0,0,174
0,0,255
0,0,216
0,0,193
0,0,201
0,0,195
0,0,183
0,0,134
0,0,23
0,0,12
0,0,10
0,0,16
0,0,18
0,0,29
19,1,163
0,0,153
0,0,90
0,0,82
0,0,86
0,0,89
4,1,76
0,0,109
0,0,159
0,0,176
0,0,169
0,0,168
0,0,236
0,0,161
0,0,30
0,0,64
0,0,85
2,1,0
25,1,5
1,2,4
0,0,3
1,4,2
1,1,219
0,0,214
0,0,144
0,0,32
0,0,61
0,0,96
0,0,145
0,0,178
0,0,177
0,0,181
0,0,171
0,0,91
0,0,200
0,0,151
0,0,69
0,0,88
0,0,103
0,0,84
0,0,79
0,0,106
0,0,38
0,0,115
0,0,245
0,0,187
0,0,125
0,0,158
0,0,153
0,0,163
0,0,180
0,0,188
0,0,191
0,0,183
3,1,157
0,0,169
0,0,160
0,0,141
30,1,193
0,0,233
0,0,232
0,0,112
0,0,41
0,0,96
0,0,53
0,0,70
0,0,54
0,0,36
0,0,45
0,0,21
0,0,19
0,0,15
0,0,47
0,0,79
0,0,50
0,0,80
0,0,92
2,1,120
0,0,78
0,0,34
0,0,104
0,0,84
0,0,100
0,0,244
0,0,242
0,0,243
0,0,240
0,0,225
0,0,223
2,1,231
4,2,215
0,0,162
0,0,193
0,0,126
0,0,61
0,0,57
0,0,20
0,0,62
0,0,26
30,1,72
0,0,51
0,0,149
25,1,25
0,0,10
0,0,3
0,0,11
0,0,29
0,0,36
0,0,88
0,0,142
21,1,159
0,0,111
0,0,116
0,0,110
0,0,94
0,0,119
0,0,107
0,0,109
28,1,178
0,0,211
0,0,204
0,0,63
0,0,31
19,1,44
0,0,61
0,0,81
0,0,0
0,0,4
0,0,9
2,1,4
0,0,2
1,7,207
0,0,202
23,1,210
30,1,55
0,0,76
0,0,84
0,0,175
0,0,174
0,0,184
0,0,186
0,0,221
0,0,167
0,0,109
0,0,96
1,1,129
0,0,69
0,0,110
0,0,164
0,0,94
0,0,208
0,0,246
0,0,144
0,0,171
0,0,173
0,0,147
20,1,170
0,0,189
0,0,154
0,0,192
0,0,106
0,0,149
0,0,141
0,0,97
0,0,119
0,0,191
0,0,239
0,0,238
0,0,49
0,0,38
0,0,50
0,0,56
0,0,35
0,0,43
0,0,27
0,0,40
0,0,34
0,0,12
0,0,17
0,0,21
0,0,63
0,0,57
0,0,78
0,0,77
0,0,84
22,1,75
0,0,30
0,0,132
9,1,86
0,0,110
0,0,93
0,0,200
0,0,235
0,0,229
0,0,227
0,0,232
0,0,233
0,0,219
0,0,190
0,0,226
0,0,193
0,0,79
0,0,61
0,0,33
0,0,36
30,1,13
0,0,4
0,0,28
0,0,58
30,1,44
0,0,27
0,0,6
7,1,4
10,1,64
0,0,56
0,0,57
0,0,103
0,0,168
0,0,116
0,0,122
0,0,148
0,0,153
0,0,118
0,0,142
6,1,97
7,1,140
0,0,183
11,1,26
0,0,19
0,0,24
29,1,37
0,0,82
0,0,69
29,1,4
29,2,2
1,7,230
0,0,229
0,0,225
0,0,231
0,0,226
0,0,179
0,0,84
0,0,68
0,0,99
0,0,154
0,0,174
0,0,247
0,0,239
0,0,218
0,0,224
0,0,157
0,0,119
0,0,73
0,0,25
0,0,55
0,0,12
0,0,16
0,0,104
0,0,207
0,0,197
0,0,164
0,0,146
0,0,130
0,0,158
0,0,169
0,0,140
0,0,180
0,0,173
0,0,149
0,0,163
1,1,160
0,0,159
0,0,213
0,0,248
0,0,243
0,0,223
0,0,4
0,0,84
0,0,95
0,0,20
0,0,41
0,0,40
0,0,31
0,0,29
0,0,15
0,0,14
0,0,13
0,0,30
0,0,75
0,0,72
0,0,77
0,0,78
0,0,87
0,0,111
0,0,34
0,0,112
0,0,124
5,1,88
0,0,92
0,0,107
1,1,152
0,0,216
0,0,197
0,0,186
0,0,141
0,0,150
0,0,175
0,0,47
0,0,44
0,0,49
0,0,28
0,0,21
0,0,7
0,0,5
0,0,9
0,0,10
0,0,35
0,0,23
5,1,7
6,1,1
0,0,8
14,1,78
0,0,70
0,0,54
0,0,33
0,0,30
0,0,169
0,0,159
0,0,162
0,0,122
0,0,100
0,0,155
0,0,137
0,0,117
0,0,120
0,0,179
0,0,193
0,0,65
0,0,32
0,0,26
0,0,21
1,1,35
0,0,69
0,0,106
0,0,72
12,1,26
0,0,0
0,0,3
1,1,1
0,0,5
0,0,2
5,1,2
3,1,214
0,0,216
0,0,222
1,1,224
1,1,203
0,0,141
0,0,68
0,0,97
0,0,172
0,0,94
0,0,241
12,1,237
0,0,134
0,0,194
0,0,24
0,0,103
0,0,158
29,1,10
0,0,28
0,0,89
0,0,185
0,0,166
0,0,148
0,0,123
0,0,165
0,0,169
0,0,150
0,0,132
0,0,146
8,1,174
0,0,180
0,0,138
0,0,151
0,0,228
0,0,243
0,0,66
0,0,125
0,0,31
0,0,65
0,0,96
0,0,42
0,0,83
25,1,48
0,0,15
0,0,17
0,0,16
0,0,19
0,0,18
0,0,72
0,0,60
0,0,50
17,1,63
0,0,116
0,0,32
2,1,128
0,0,93
20,1,88
0,0,95
0,0,123
25,1,135
0,0,110
0,0,154
0,0,101
0,0,129
28,1,65
16,1,15
0,0,8
0,0,9
0,0,4
0,0,1
0,0,7
0,0,16
0,0,12
7,1,5
8,2,2
11,1,69
0,0,85
0,0,53
0,0,78
0,0,48
0,0,26
0,0,89
0,0,211
0,0,151
0,0,147
0,0,142
0,0,138
3,1,89
0,0,131
0,0,137
0,0,194
0,0,56
0,0,29
14,1,22
0,0,24
0,0,17
0,0,36
0,0,116
0,0,71
0,0,149
0,0,12
0,0,5
0,0,3
1,1,5
0,0,1
4,2,3
7,1,189
0,0,197
0,0,202
0,0,208
0,0,216
0,0,217
0,0,211
0,0,214
0,0,206
0,0,144
0,0,89
0,0,30
0,0,228
0,0,244
0,0,247
0,0,205
15,1,249
0,0,182
0,0,191
0,0,59
0,0,23
0,0,48
14,1,112
0,0,114
0,0,133
0,0,158
9,1,168
0,0,117
0,0,124
0,0,134
0,0,164
0,0,179
8,1,146
0,0,170
0,0,193
0,0,163
0,0,17
20,1,55
0,0,14
0,0,63
0,0,136
0,0,140
0,0,33
0,0,22
0,0,13
0,0,18
0,0,20
0,0,30
0,0,53
0,0,65
0,0,45
0,0,78
0,0,87
0,0,86
0,0,49
0,0,52
0,0,115
0,0,131
1,1,112
0,0,98
0,0,119
0,0,137
0,0,130
0,0,60
0,0,70
0,0,111
0,0,107
5,1,29
21,1,57
0,0,46
0,0,19
0,0,27
0,0,7
0,0,22
0,0,25
0,0,10
4,1,6
1,1,5
0,0,0
0,0,16
0,0,23
0,0,14
21,1,30
0,0,88
0,0,82
22,1,15
0,0,162
0,0,226
0,0,219
0,0,200
0,0,149
0,0,115
0,0,109
0,0,117
0,0,175
0,0,129
30,1,23
0,0,9
0,0,21
4,1,10
18,1,48
1,1,80
0,0,13
0,0,3
0,0,0
0,0,2
3,1,3
0,0,4
1,1,5
3,1,213
0,0,214
0,0,210
1,1,212
0,0,211
4,1,209
0,0,206
5,1,203
0,0,171
0,0,166
0,0,144
0,0,151
0,0,175
0,0,191
1,1,205
0,0,196
0,0,93
0,0,125
0,0,42
0,0,84
1,1,83
0,0,140
14,1,136
15,1,141
0,0,160
0,0,124
22,1,197
0,0,193
0,0,143
0,0,167
0,0,236
0,0,117
0,0,62
0,0,133
0,0,76
0,0,14
0,0,108
1,1,88
0,0,31
0,0,30
6,1,27
0,0,24
12,1,121
12,1,66
0,0,95
0,0,84
0,0,96
0,0,89
16,1,115
0,0,114
22,1,139
0,0,145
0,0,118
0,0,147
0,0,126
0,0,90
0,0,109
0,0,183
0,0,98
0,0,74
0,0,20
0,0,49
0,0,64
0,0,73
0,0,92
0,0,33
0,0,17
0,0,4
0,0,72
0,0,28
0,0,14
0,0,10
0,0,5
6,1,4
0,0,21
0,0,25
0,0,22
0,0,18
0,0,100
0,0,77
22,1,63
0,0,83
0,0,23
0,0,202
0,0,214
0,0,192
0,0,150
0,0,115
0,0,111
0,0,132
0,0,165
0,0,121
0,0,8
0,0,16
0,0,15
26,1,12
0,0,27
0,0,32
0,0,36
0,0,58
0,0,73
0,0,0
0,0,6
0,0,4
0,0,2
0,0,3
1,1,4
1,2,3
0,0,200
0,0,207
0,0,210
0,0,214
0,0,221
0,0,224
0,0,226
0,0,225
0,0,222
2,1,229
0,0,231
0,0,228
7,3,218
0,0,220
0,0,211
0,0,215
0,0,116
0,0,79
0,0,70
0,0,78
0,0,45
0,0,61
0,0,92
0,0,145
0,0,142
0,0,136
0,0,163
0,0,131
0,0,166
0,0,159
0,0,155
0,0,176
0,0,184
0,0,148
0,0,104
0,0,168
0,0,234
0,0,194
1,1,138
15,1,130
0,0,114
0,0,6
0,0,11
0,0,2
0,0,18
0,0,33
0,0,26
0,0,65
0,0,70
0,0,78
0,0,113
0,0,152
0,0,141
0,0,198
0,0,171
0,0,68
0,0,97
0,0,101
2,1,90
0,0,135
0,0,124
0,0,121
0,0,111
8,1,91
0,0,41
0,0,20
26,1,40
0,0,53
0,0,72
0,0,55
0,0,76
1,1,37
0,0,129
0,0,85
0,0,69
0,0,61
0,0,33
0,0,6
0,0,28
3,1,15
0,0,12
1,1,106
0,0,73
18,1,83
0,0,66
21,1,219
0,0,234
0,0,236
0,0,196
0,0,136
0,0,128
0,0,188
0,0,147
0,0,46
0,0,26
19,1,20
0,0,13
0,0,4
0,0,30
0,0,18
0,0,27
30,1,34
0,0,144
28,1,20
4,1,16
0,0,9
0,0,5
0,0,3
2,1,6
0,0,90
0,0,103
0,0,123
0,0,189
0,0,217
0,0,220
0,0,212
0,0,207
1,1,212
0,0,214
6,1,227
0,0,223
9,1,220
0,0,225
7,1,212
0,0,218
0,0,229
0,0,52
0,0,64
0,0,72
0,0,93
0,0,38
0,0,117
0,0,111
0,0,149
0,0,161
0,0,176
0,0,171
0,0,169
0,0,188
4,1,170
0,0,146
19,2,161
0,0,150
28,1,221
0,0,16
0,0,54
0,0,85
0,0,34
4,1,18
0,0,29
0,0,30
1,1,26
3,1,33
0,0,105
0,0,102
0,0,144
0,0,141
0,0,182
0,0,75
17,1,75
0,0,56
0,0,74
0,0,94
0,0,100
0,0,121
0,0,104
0,0,89
0,0,93
0,0,52
0,0,45
0,0,31
0,0,32
0,0,38
0,0,23
5,1,67
19,1,117
17,1,141
28,1,114
0,0,107
0,0,83
14,1,47
0,0,7
0,0,11
1,1,9
4,1,76
0,0,81
0,0,29
3,1,57
0,0,121
0,0,198
0,0,180
0,0,228
0,0,237
0,0,184
0,0,187
0,0,136
0,0,22
21,1,16
1,1,11
0,0,6
21,1,31
0,0,23
0,0,33
0,0,35
0,0,96
0,0,24
11,1,6
29,1,15
0,0,20
0,0,32
0,0,18
0,0,12
0,0,111
30,1,111
0,0,107
0,0,117
1,1,115
0,0,98
0,0,196
0,0,221
0,0,218
1,1,226
3,1,223
0,0,224
2,1,233
0,0,225
0,0,215
0,0,222
0,0,43
0,0,58
0,0,87
0,0,138
0,0,45
0,0,110
0,0,164
0,0,109
0,0,134
0,0,151
0,0,160
0,0,165
0,0,180
0,0,181
0,0,177
0,0,152
0,0,193
0,0,217
7,1,108
26,1,159
28,1,221
0,0,128
0,0,123
0,0,17
0,0,5
0,0,6
0,0,30
0,0,26
1,1,0
1,1,42
0,0,72
0,0,65
2,1,72
5,1,118
0,0,106
0,0,51
0,0,55
0,0,78
0,0,97
1,1,101
0,0,80
0,0,74
2,1,32
0,0,38
0,0,35
10,1,126
0,0,69
15,1,85
0,0,93
0,0,17
29,1,93
0,0,104
17,1,137
0,0,140
4,1,16
0,0,6
0,0,7
0,0,4
0,0,11
0,0,66
0,0,55
23,1,68
0,0,29
0,0,84
0,0,191
0,0,212
0,0,188
0,0,201
0,0,160
0,0,166
0,0,133
0,0,21
0,0,15
2,1,8
20,1,8
3,1,10
0,0,9
0,0,17
0,0,33
0,0,14
0,0,52
0,0,19
0,0,6
29,1,8
0,0,4
1,3,123
0,0,114
0,0,117
0,0,92
0,0,107
0,0,124
0,0,122
0,0,139
0,0,101
0,0,156
0,0,157
0,0,207
0,0,155
0,0,130
0,0,220
0,0,208
0,0,223
0,0,224
0,0,218
0,0,216
4,1,228
0,0,82
0,0,93
16,1,72
13,1,165
0,0,144
0,0,129
0,0,162
0,0,152
0,0,173
0,0,212
0,0,196
0,0,195
0,0,183
0,0,201
0,0,194
0,0,191
0,0,215
0,0,97
0,0,103
0,0,116
0,0,118
0,0,109
0,0,92
0,0,20
0,0,11
0,0,23
0,0,37
0,0,21
0,0,22
0,0,27
0,0,7
5,1,31
0,0,54
0,0,45
0,0,41
0,0,121
0,0,96
0,0,111
6,1,46
0,0,62
0,0,79
0,0,87
0,0,74
12,1,54
0,0,83
0,0,40
0,0,28
0,0,36
0,0,53
16,1,117
18,1,194
0,0,190
0,0,142
0,0,9
0,0,0
0,0,5
0,0,233
0,0,235
1,1,0
0,0,18
0,0,8
0,0,6
0,0,7
0,0,1
0,0,37
0,0,3
0,0,65
0,0,61
0,0,29
0,0,74
0,0,212
0,0,210
0,0,225
0,0,224
0,0,150
0,0,180
0,0,68
0,0,21
0,0,11
19,1,5
20,1,1
22,1,10
23,1,15
7,1,31
0,0,14
30,1,14
13,1,6
29,1,3
0,0,4
1,1,118
0,0,70
0,0,129
0,0,158
0,0,120
0,0,98
0,0,97
3,1,136
0,0,111
0,0,104
0,0,119
4,1,127
0,0,139
8,2,126
7,1,185
0,0,146
0,0,218
0,0,83
0,0,116
0,0,85
0,0,84
0,0,163
0,0,147
19,1,150
0,0,194
0,0,181
0,0,203
0,0,210
0,0,208
0,0,182
0,0,188
0,0,187
0,0,200
0,0,196
15,1,82
17,1,89
0,0,110
0,0,90
0,0,87
0,0,14
0,0,10
0,0,20
0,0,21
0,0,22
0,0,19
0,0,38
0,0,37
0,0,35
0,0,30
0,0,26
0,0,42
0,0,46
17,1,55
0,0,99
0,0,49
0,0,34
2,1,62
0,0,71
0,0,61
0,0,48
16,1,33
0,0,51
0,0,31
3,1,139
0,0,117
15,1,141
0,0,207
0,0,224
0,0,229
0,0,232
0,0,233
2,1,234
0,0,225
0,0,246
0,0,119
0,0,0
0,0,3
0,0,6
0,0,5
0,0,4
0,0,2
0,0,14
0,0,84
0,0,58
0,0,24
0,0,42
0,0,126
0,0,155
0,0,208
0,0,212
0,0,204
0,0,197
0,0,27
0,0,16
0,0,9
0,0,11
0,0,8
3,1,1
20,1,4
20,1,0
0,0,29
0,0,18
24,1,6
29,1,3
1,1,2
1,1,3
0,0,7
0,0,100
0,0,77
0,0,52
0,0,93
0,0,70
0,0,142
0,0,121
0,0,127
0,0,117
0,0,163
0,0,139
0,0,129
0,0,138
0,0,115
0,0,123
0,0,153
0,0,155
3,1,154
0,0,136
0,0,128
0,0,140
0,0,79
0,0,102
0,0,116
0,0,94
0,0,144
11,1,141
0,0,190
0,0,208
0,0,180
0,0,203
0,0,213
0,0,198
0,0,216
0,0,201
0,0,174
0,0,204
0,0,207
0,0,70
1,1,60
0,0,54
0,0,84
0,0,80
6,1,12
0,0,4
0,0,22
0,0,19
1,1,17
3,1,25
0,0,27
0,0,23
0,0,21
4,1,29
0,0,62
0,0,50
0,0,83
0,0,47
0,0,36
0,0,39
0,0,42
4,1,53
0,0,41
7,1,43
0,0,242
24,1,140
0,0,111
0,0,102
0,0,91
0,0,126
0,0,204
0,0,232
0,0,233
1,1,230
1,1,232
0,0,236
0,0,115
0,0,100
0,0,6
0,0,8
0,0,38
0,0,5
0,0,4
0,0,0
0,0,9
0,0,39
26,1,13
0,0,18
0,0,14
0,0,181
0,0,202
0,0,225
0,0,212
0,0,70
0,0,41
0,0,22
0,0,17
9,1,13
18,1,6
20,2,57
0,0,31
0,0,19
0,0,32
26,1,5
28,1,3
1,1,2
1,2,6
0,0,38
0,0,64
0,0,67
0,0,82
0,0,75
0,0,110
0,0,145
0,0,126
2,1,134
0,0,124
0,0,118
1,1,105
0,0,125
0,0,133
0,0,128
0,0,116
0,0,136
0,0,95
0,0,103
0,0,123
0,0,94
10,1,85
0,0,114
0,0,171
0,0,149
0,0,130
0,0,184
0,0,212
0,0,189
0,0,201
0,0,204
0,0,192
0,0,174
0,0,199
0,0,163
0,0,195
0,0,217
0,0,65
0,0,74
0,0,57
0,0,51
0,0,61
5,1,3
0,0,8
0,0,20
2,1,21
0,0,13
1,1,11
0,0,26
0,0,10
0,0,29
0,0,19
0,0,17
12,1,36
0,0,33
0,0,41
0,0,45
0,0,32
0,0,31
0,0,27
7,2,33
9,1,24
0,0,90
0,0,0
0,0,111
0,0,99
0,0,86
0,0,95
0,0,160
0,0,220
0,0,230
0,0,235
0,0,234
0,0,225
2,1,231
11,1,81
0,0,60
0,0,6
0,0,5
0,0,4
0,0,3
3,2,4
0,0,14
0,0,22
0,0,15
0,0,18
30,1,198
0,0,228
0,0,242
3,1,66
0,0,62
10,1,11
0,0,16
20,1,2
0,0,10
24,1,6
0,0,115
0,0,37
0,0,42
0,0,54
30,1,3
10,1,1
1,2,2
6,1,6
0,0,88
0,0,55
0,0,99
0,0,118
0,0,148
0,0,80
3,1,115
0,0,121
0,0,120
1,1,94
0,0,110
0,0,96
0,0,122
0,0,112
0,0,97
0,0,100
0,0,119
0,0,84
18,1,171
0,0,152
0,0,74
0,0,62
0,0,76
0,0,139
0,0,156
0,0,133
0,0,201
0,0,204
1,1,203
0,0,214
0,0,197
0,0,199
0,0,198
0,0,168
0,0,196
0,0,220
0,0,54
1,1,38
0,0,47
0,0,44
0,0,55
0,0,3
0,0,8
0,0,13
0,0,2
0,0,6
0,0,9
0,0,4
0,0,15
0,0,12
4,1,25
0,0,11
0,0,22
0,0,77
16,1,21
0,0,59
0,0,52
0,0,28
0,0,26
10,1,23
10,1,32
0,0,17
6,1,0
0,0,84
0,0,100
0,0,95
0,0,92
0,0,83
0,0,154
0,0,216
0,0,233
0,0,234
0,0,226
4,1,80
0,0,71
0,0,76
14,1,62
0,0,14
0,0,7
0,0,11
0,0,20
0,0,4
1,2,15
1,1,17
0,0,22
0,0,21
0,0,143
0,0,236
0,0,243
0,0,217
0,0,82
0,0,79
0,0,48
0,0,8
0,0,6
0,0,13
2,1,15
20,1,49
0,0,28
0,0,25
0,0,29
0,0,34
0,0,1
0,0,2
1,1,1
1,3,2
0,0,5
0,0,66
0,0,91
0,0,104
0,0,112
0,0,105
0,0,74
0,0,132
0,0,133
0,0,113
0,0,106
0,0,85
0,0,92
0,0,73
0,0,36
0,0,64
13,1,162
0,0,150
0,0,149
0,0,141
1,1,138
5,1,90
0,0,57
0,0,78
24,1,141
0,0,164
0,0,203
0,0,184
0,0,207
0,0,212
0,0,204
0,0,200
0,0,206
0,0,181
9,1,201
0,0,112
0,0,49
0,0,54
0,0,30
3,1,32
0,0,50
0,0,9
0,0,8
0,0,4
0,0,5
3,1,9
0,0,18
4,1,27
0,0,1
0,0,23
0,0,73
0,0,74
0,0,34
4,1,14
21,1,40
0,0,25
0,0,19
0,0,21
15,1,23
17,1,22
6,1,100
0,0,64
0,0,85
0,0,83
0,0,75
0,0,88
0,0,164
0,0,234
0,0,237
0,0,235
0,0,130
0,0,65
0,0,69
12,1,67
0,0,56
0,0,47
0,0,43
0,0,7
0,0,9
0,0,27
0,0,4
1,1,3
0,0,0
7,1,12
0,0,14
0,0,33
0,0,29
0,0,220
0,0,243
0,0,126
22,1,149
0,0,90
8,1,33
0,0,13
1,1,11
0,0,6
23,1,10
0,0,23
18,1,3
0,0,2
1,4,1
1,1,2
9,1,52
0,0,155
0,0,157
0,0,120
2,1,29
29,1,73
0,0,93
0,0,68
0,0,82
0,0,125
11,1,158
0,0,85
0,0,139
0,0,137
0,0,135
0,0,95
0,0,234
0,0,255
0,0,222
0,0,251
0,0,91
0,0,47
18,1,74
0,0,132
0,0,193
0,0,207
0,0,199
2,1,213
0,0,215
0,0,216
0,0,214
0,0,195
0,0,181
0,0,201
15,1,45
0,0,41
0,0,31
3,1,35
0,0,36
0,0,4
0,0,3
1,1,5
0,0,1
0,0,6
0,0,17
2,1,42
8,1,1
0,0,19
16,1,26
0,0,34
0,0,27
0,0,49
0,0,51
0,0,18
1,1,24
15,1,13
1,1,16
19,1,72
0,0,43
0,0,85
0,0,69
0,0,71
0,0,112
0,0,150
0,0,231
0,0,241
0,0,114
0,0,75
0,0,50
0,0,65
22,1,57
0,0,40
0,0,46
0,0,37
0,0,5
0,0,9
0,0,1
0,0,8
0,0,6
5,1,5
4,2,16
0,0,25
0,0,34
0,0,109
0,0,230
0,0,58
0,0,108
0,0,91
0,0,95
0,0,72
0,0,53
0,0,42
0,0,12
0,0,21
0,0,11
0,0,3
24,1,3
0,0,4
0,0,2
27,1,1
2,6,3
0,0,147
0,0,144
0,0,152
0,0,151
0,0,136
0,0,56
0,0,89
0,0,59
0,0,66
0,0,204
0,0,92
0,0,148
9,1,154
14,1,159
0,0,149
0,0,157
0,0,233
0,0,77
0,0,235
0,0,101
0,0,231
0,0,102
0,0,72
18,1,94
0,0,163
0,0,215
0,0,205
0,0,209
1,1,213
0,0,217
0,0,223
0,0,200
0,0,189
0,0,203
0,0,206
0,0,47
0,0,38
0,0,32
1,2,31
5,1,28
0,0,5
1,1,3
0,0,2
0,0,8
0,0,23
0,0,7
0,0,41
8,2,19
0,0,26
0,0,29
2,1,30
0,0,34
0,0,44
0,0,14
0,0,16
0,0,17
0,0,13
0,0,15
0,0,18
0,0,4
1,1,23
0,0,73
0,0,75
0,0,60
0,0,94
0,0,112
0,0,180
0,0,144
0,0,124
0,0,100
0,0,63
0,0,64
9,1,55
0,0,43
0,0,32
0,0,41
0,0,25
0,0,5
1,1,4
3,1,6
0,0,7
0,0,9
30,1,6
0,0,14
0,0,22
0,0,29
0,0,18
0,0,236
0,0,76
0,0,83
0,0,109
0,0,87
0,0,52
0,0,37
0,0,97
12,1,36
0,0,19
0,0,3
0,0,10
2,1,2
0,0,1
1,1,0
1,1,2
3,2,1
9,1,2
0,0,130
0,0,144
0,0,152
0,0,124
0,0,54
0,0,98
0,0,26
0,0,157
0,0,164
0,0,142
0,0,89
0,0,150
11,1,148
0,0,158
13,1,141
0,0,159
0,0,160
0,0,145
3,1,148
4,1,93
0,0,76
0,0,85
0,0,86
0,0,185
0,0,214
0,0,225
0,0,210
1,1,214
0,0,226
0,0,228
0,0,215
8,1,200
0,0,224
0,0,41
0,0,39
0,0,27
0,0,29
1,1,27
0,0,31
0,0,22
0,0,7
0,0,5
0,0,3
1,1,2
0,0,26
0,0,18
2,1,0
8,1,11
0,0,63
0,0,40
0,0,54
19,1,26
0,0,38
0,0,33
0,0,19
0,0,13
0,0,17
0,0,42
20,1,1
0,0,56
0,0,16
0,0,87
0,0,75
0,0,71
0,0,106
0,0,123
0,0,213
0,0,120
0,0,117
0,0,94
0,0,52
23,1,42
0,0,46
18,1,24
1,1,13
0,0,4
0,0,5
2,2,6
1,1,8
0,0,9
0,0,12
1,1,30
1,1,28
0,0,101
0,0,77
0,0,62
0,0,75
0,0,63
0,0,55
0,0,44
0,0,71
0,0,45
0,0,32
24,1,14
0,0,3
0,0,2
1,1,1
1,1,0
1,1,7
5,1,4
8,2,2
0,0,143
0,0,141
0,0,136
0,0,153
0,0,74
0,0,127
0,0,128
0,0,157
0,0,159
0,0,181
0,0,148
0,0,156
0,0,160
0,0,149
0,0,134
0,0,142
0,0,158
0,0,146
0,0,133
18,1,143
0,0,168
19,1,78
0,0,93
25,1,155
0,0,202
0,0,236
0,0,226
0,0,231
0,0,241
0,0,237
0,0,233
0,0,234
0,0,222
0,0,203
0,0,165
0,0,207
0,0,58
0,0,43
0,0,23
0,0,29
2,2,31
0,0,17
0,0,15
0,0,4
0,0,3
2,1,4
0,0,30
0,0,42
0,0,13
0,0,0
0,0,5
8,1,72
0,0,56
20,1,35
0,0,27
0,0,37
0,0,50
0,0,24
0,0,22
0,0,6
19,1,2
21,1,99
26,1,69
0,0,63
0,0,64
0,0,107
0,0,152
0,0,117
0,0,123
0,0,125
0,0,91
0,0,48
0,0,58
0,0,45
0,0,44
0,0,36
21,1,10
0,0,7
0,0,1
0,0,5
0,0,4
1,1,6
2,2,13
6,1,8
0,0,14
0,0,24
20,1,122
0,0,38
0,0,65
0,0,50
0,0,87
0,0,64
0,0,49
0,0,57
0,0,51
0,0,30
16,1,8
0,0,2
24,1,0
28,1,1
3,1,0
25,1,6
0,0,7
10,1,0
9,1,154
0,0,155
0,0,135
0,0,127
0,0,193
0,0,199
0,0,204
0,0,167
1,1,204
0,0,166
0,0,146
0,0,201
0,0,137
0,0,161
0,0,138
0,0,145
0,0,149
0,0,132
0,0,162
0,0,133
0,0,150
0,0,130
0,0,77
0,0,76
0,0,141
0,0,242
0,0,251
0,0,232
0,0,243
0,0,250
0,0,253
0,0,246
3,1,252
0,0,249
0,0,254
0,0,174
0,0,60
0,0,41
0,0,33
0,0,23
0,0,27
0,0,24
0,0,30
0,0,26
0,0,19
1,1,5
0,0,3
0,0,4
1,1,22
0,0,58
0,0,7
6,1,3
0,0,6
0,0,84
0,0,29
0,0,50
0,0,43
20,1,46
0,0,59
0,0,38
0,0,35
0,0,9
19,1,2
22,1,79
0,0,10
0,0,49
14,1,50
0,0,103
0,0,91
0,0,125
0,0,127
0,0,122
23,1,45
23,1,51
1,1,40
0,0,24
21,1,6
0,0,1
2,1,4
1,1,6
3,1,8
8,1,5
0,0,12
0,0,16
0,0,22
0,0,39
22,1,54
0,0,67
0,0,56
0,0,52
0,0,70
0,0,28
0,0,60
0,0,48
0,0,20
0,0,7
18,1,1
0,0,0
0,0,3
28,1,1
4,2,23
0,0,18
0,0,10
1,1,0
0,0,2
0,0,132
0,0,135
0,0,145
0,0,163
0,0,116
0,0,165
0,0,59
0,0,206
0,0,214
0,0,217
0,0,207
0,0,199
1,1,175
0,0,181
0,0,195
0,0,183
1,1,182
0,0,200
0,0,174
0,0,157
0,0,83
0,0,74
0,0,90
0,0,248
0,0,254
0,0,249
0,0,247
0,0,236
0,0,191
15,1,209
0,0,235
0,0,244
8,1,249
0,0,253
24,1,28
0,0,30
0,0,23
0,0,24
0,0,22
0,0,29
3,1,21
0,0,20
0,0,12
0,0,4
0,0,3
2,1,16
0,0,73
5,1,1
0,0,8
2,1,28
15,1,55
0,0,63
16,1,59
0,0,62
0,0,65
0,0,42
0,0,5
0,0,0
0,0,6
21,1,86
0,0,11
29,1,32
0,0,58
0,0,107
0,0,74
0,0,116
0,0,119
0,0,118
0,0,91
0,0,46
0,0,34
0,0,38
19,1,24
0,0,22
21,1,5
0,0,7
29,1,5
23,1,2
26,1,9
0,0,14
26,1,19
0,0,15
0,0,23
0,0,92
0,0,69
1,1,125
0,0,56
26,1,51
0,0,79
0,0,64
0,0,39
0,0,20
20,1,14
22,1,29
0,0,25
0,0,10
0,0,0
28,2,21
11,1,16
0,0,18
14,1,10
0,0,117
0,0,146
0,0,108
0,0,128
0,0,169
0,0,162
0,0,220
0,0,221
0,0,196
0,0,121
0,0,214
0,0,88
0,0,99
0,0,132
0,0,160
0,0,126
0,0,153
17,1,124
0,0,138
0,0,94
0,0,143
4,1,68
0,0,244
0,0,236
0,0,250
0,0,237
0,0,202
0,0,167
0,0,178
17,1,127
0,0,188
0,0,189
0,0,177
0,0,146
0,0,96
0,0,234
0,0,32
0,0,31
0,0,24
0,0,23
0,0,25
4,1,26
0,0,22
0,0,21
0,0,15
0,0,6
0,0,3
0,0,4
0,0,13
0,0,58
0,0,2
4,1,3
0,0,20
0,0,61
0,0,57
7,1,58
4,1,63
0,0,80
0,0,52
0,0,7
0,0,0
18,1,6
0,0,1
0,0,69
0,0,16
0,0,33
0,0,34
0,0,117
0,0,90
0,0,89
0,0,118
0,0,120
0,0,108
0,0,93
0,0,40
9,1,29
0,0,24
0,0,21
0,0,17
22,1,6
0,0,10
0,0,76
0,0,5
0,0,4
26,1,7
0,0,14
0,0,15
29,1,8
0,0,23
0,0,50
0,0,57
0,0,49
0,0,58
0,0,78
0,0,99
0,0,65
0,0,48
0,0,82
0,0,43
3,1,17
25,1,12
26,1,115
0,0,28
0,0,24
0,0,0
0,0,2
26,1,8
9,1,20
11,1,16
30,1,112
0,0,91
0,0,98
0,0,32
0,0,146
0,0,168
0,0,157
0,0,183
0,0,121
0,0,201
29,1,102
0,0,120
0,0,74
0,0,109
0,0,100
0,0,103
0,0,107
30,1,91
6,1,90
0,0,141
0,0,147
0,0,34
0,0,62
0,0,124
0,0,149
16,1,188
0,0,164
0,0,158
0,0,129
0,0,195
0,0,125
0,0,122
0,0,86
0,0,77
0,0,241
0,0,45
0,0,29
0,0,26
0,0,24
0,0,32
1,1,26
0,0,25
0,0,17
0,0,13
0,0,4
0,0,5
1,1,3
0,0,20
6,1,1
4,1,7
0,0,15
0,0,37
0,0,34
0,0,61
0,0,60
0,0,87
0,0,97
16,1,2
0,0,0
0,0,99
19,1,2
0,0,167
14,1,29
0,0,41
0,0,109
0,0,91
0,0,114
0,0,121
0,0,111
1,1,97
0,0,40
0,0,36
0,0,24
0,0,23
0,0,20
0,0,14
23,1,12
0,0,104
25,1,4
1,3,14
25,1,12
0,0,9
0,0,21
0,0,46
0,0,57
0,0,65
0,0,72
2,1,87
0,0,100
0,0,68
0,0,88
0,0,38
0,0,33
0,0,16
14,1,1
0,0,0
0,0,139
0,0,31
0,0,27
0,0,32
0,0,8
0,0,13
0,0,10
0,0,11
3,1,12
0,0,20
29,1,102
20,1,66
12,1,166
0,0,118
19,1,32
8,1,219
0,0,90
0,0,60
0,0,86
0,0,114
0,0,106
0,0,91
1,1,85
8,1,76
3,1,95
0,0,94
0,0,167
0,0,41
22,1,71
0,0,93
0,0,116
0,0,123
0,0,147
0,0,172
0,0,149
0,0,152
0,0,169
0,0,37
0,0,57
0,0,137
0,0,239
0,0,200
0,0,36
0,0,19
0,0,23
8,1,34
0,0,27
0,0,22
0,0,18
0,0,15
0,0,5
0,0,6
2,1,8
7,1,16
0,0,9
21,1,45
0,0,56
0,0,88
10,1,80
0,0,49
0,0,59
0,0,74
0,0,35
0,0,163
0,0,141
6,1,2
0,0,1
0,0,147
0,0,161
0,0,31
0,0,42
0,0,114
0,0,85
0,0,115
0,0,108
0,0,117
0,0,107
0,0,94
26,1,39
0,0,34
0,0,22
0,0,14
0,0,15
0,0,12
0,0,3
0,0,149
21,1,5
1,1,7
6,1,12
0,0,16
0,0,18
11,1,15
27,1,81
0,0,61
0,0,72
0,0,98
4,1,63
0,0,64
28,2,36
20,2,1
24,1,127
0,0,17
0,0,65
21,1,28
0,0,20
1,1,17
27,1,15
0,0,14
0,0,10
0,0,88
0,0,77
0,0,71
0,0,48
0,0,102
0,0,150
14,1,86
0,0,117
0,0,136
0,0,78
0,0,84
0,0,83
0,0,97
0,0,118
7,1,117
0,0,115
0,0,114
0,0,121
0,0,123
0,0,122
0,0,109
0,0,163
0,0,37
28,1,0
0,0,50
0,0,128
11,1,112
0,0,106
0,0,94
16,1,70
0,0,56
0,0,90
20,1,247
0,0,251
0,0,21
0,0,23
1,1,41
0,0,28
0,0,25
5,1,19
8,1,2
0,0,6
1,1,2
6,1,27
0,0,18
9,1,17
23,1,94
0,0,7
0,0,44
0,0,53
1,1,0
0,0,133
0,0,173
0,0,162
0,0,190
0,0,52
0,0,8
0,0,186
0,0,172
12,1,70
0,0,109
17,1,114
0,0,110
0,0,105
0,0,97
0,0,77
0,0,48
0,0,41
0,0,33
0,0,25
0,0,15
0,0,14
0,0,2
0,0,180
0,0,154
0,0,6
0,0,12
0,0,1
0,0,4
1,1,10
0,0,7
0,0,18
0,0,11
0,0,17
0,0,21
0,0,40
0,0,51
0,0,69
2,1,85
0,0,91
0,0,59
0,0,101
10,1,18
0,0,13
15,1,3
0,0,0
0,0,48
0,0,16
0,0,9
0,0,83
0,0,89
0,0,70
0,0,28
0,0,24
26,1,21
0,0,14
1,1,104
0,0,97
0,0,95
0,0,96
0,0,76
13,1,82
1,1,93
0,0,139
0,0,126
0,0,118
0,0,112
0,0,122
0,0,125
2,1,123
0,0,121
0,0,133
0,0,117
11,1,136
0,0,140
0,0,154
0,0,43
0,0,41
0,0,10
0,0,0
0,0,62
0,0,72
25,1,68
0,0,55
0,0,65
0,0,120
0,0,171
0,0,157
3,1,250
0,0,253
0,0,66
0,0,28
0,0,27
0,0,39
2,1,24
0,0,20
0,0,17
0,0,15
0,0,2
0,0,5
1,1,6
27,1,34
0,0,12
0,0,11
9,1,26
0,0,44
15,1,47
0,0,46
0,0,32
0,0,0
0,0,115
0,0,130
0,0,148
0,0,158
0,0,51
0,0,3
0,0,162
4,1,50
0,0,108
0,0,136
0,0,101
0,0,110
0,0,120
5,1,97
0,0,69
0,0,43
0,0,48
0,0,35
22,1,24
0,0,60
0,0,145
0,0,164
0,0,168
27,1,79
0,0,12
0,0,4
1,1,6
0,0,9
0,0,15
0,0,8
2,1,19
0,0,53
0,0,80
0,0,54
0,0,58
0,0,73
0,0,50
0,0,61
0,0,102
25,1,23
0,0,13
0,0,39
0,0,5
21,1,11
0,0,3
2,1,80
0,0,149
0,0,144
0,0,45
0,0,48
0,0,44
0,0,27
0,0,25
29,1,112
0,0,118
0,0,119
0,0,121
0,0,106
0,0,137
0,0,125
0,0,130
0,0,128
0,0,126
4,1,124
0,0,127
0,0,148
0,0,138
0,0,151
0,0,141
0,0,158
0,0,146
0,0,147
0,0,139
8,1,152
0,0,129
0,0,65
0,0,39
0,0,41
0,0,58
30,1,51
0,0,53
0,0,32
1,1,53
0,0,85
0,0,101
16,1,182
0,0,251
0,0,254
0,0,62
0,0,28
0,0,21
0,0,27
1,1,22
0,0,18
0,0,10
0,0,11
24,1,5
1,1,7
3,1,31
0,0,3
0,0,4
0,0,1
0,0,2
1,1,9
0,0,57
0,0,35
22,1,1
0,0,77
0,0,66
0,0,71
1,1,74
0,0,6
0,0,255
5,1,42
0,0,121
0,0,132
0,0,120
0,0,116
1,1,111
0,0,91
0,0,78
0,0,46
0,0,48
0,0,59
12,1,31
0,0,118
0,0,243
0,0,72
0,0,100
0,0,73
0,0,62
0,0,3
0,0,5
1,2,6
0,0,9
0,0,4
6,1,8
0,0,58
0,0,49
0,0,63
0,0,34
23,1,50
0,0,93
0,0,56
0,0,25
0,0,13
13,1,3
0,0,2
0,0,1
0,0,136
0,0,76
0,0,113
0,0,104
0,0,129
0,0,54
0,0,0
0,0,37
14,1,25
0,0,26
0,0,44
12,1,127
0,0,131
0,0,130
0,0,121
0,0,128
0,0,134
4,1,132
0,0,150
0,0,137
0,0,162
1,1,151
3,1,110
1,1,164
0,0,148
0,0,146
0,0,149
0,0,144
0,0,152
0,0,158
23,1,47
0,0,31
29,1,30
0,0,41
0,0,44
0,0,24
1,1,32
0,0,53
0,0,74
26,1,168
0,0,219
0,0,66
0,0,48
0,0,35
0,0,23
0,0,72
0,0,101
0,0,160
0,0,166
30,1,159
0,0,39
0,0,5
1,1,3
1,1,31
0,0,4
0,0,1
0,0,0
0,0,22
3,1,15
18,1,37
5,1,19
0,0,80
0,0,84
0,0,133
0,0,88
0,0,87
0,0,14
0,0,246
0,0,109
0,0,28
0,0,110
0,0,131
0,0,134
0,0,126
0,0,104
0,0,100
0,0,91
0,0,66
0,0,58
0,0,40
0,0,55
0,0,51
0,0,27
0,0,172
0,0,171
0,0,150
0,0,142
0,0,56
0,0,69
0,0,9
0,0,6
0,0,5
1,2,14
0,0,4
0,0,11
0,0,26
0,0,31
0,0,19
0,0,36
0,0,67
0,0,70
0,0,52
2,1,43
0,0,22
0,0,13
0,0,47
0,0,7
0,0,3
16,1,142
0,0,147
0,0,134
0,0,138
0,0,139
0,0,10
8,1,31
21,1,24
0,0,34
0,0,49
12,1,140
0,0,131
0,0,128
2,1,139
0,0,171
0,0,148
0,0,133
0,0,164
0,0,146
0,0,158
0,0,182
0,0,163
0,0,175
0,0,177
0,0,180
1,1,172
0,0,149
0,0,169
15,1,162
0,0,141
0,0,121
0,0,87
0,0,37
0,0,28
0,0,26
0,0,29
2,1,30
0,0,32
1,1,29
4,1,139
0,0,94
0,0,83
0,0,78
0,0,36
0,0,23
0,0,14
0,0,204
0,0,134
7,1,83
0,0,110
0,0,140
0,0,42
0,0,3
0,0,7
2,1,3
0,0,9
0,0,4
4,2,72
0,0,73
5,1,25
30,1,22
0,0,65
0,0,79
0,0,95
0,0,120
0,0,137
0,0,136
0,0,0
0,0,138
0,0,166
0,0,31
0,0,28
0,0,84
0,0,128
0,0,122
0,0,117
0,0,102
0,0,113
0,0,46
0,0,38
0,0,23
0,0,55
0,0,43
0,0,20
0,0,153
0,0,172
0,0,156
19,1,172
0,0,74
0,0,14
0,0,9
0,0,6
0,0,5
1,1,8
0,0,7
0,0,13
8,1,31
29,1,51
0,0,79
0,0,66
0,0,48
0,0,107
5,1,27
25,1,40
0,0,2
18,1,0
0,0,146
14,1,13
0,0,35
0,0,149
8,1,23
1,1,26
0,0,25
0,0,41
0,0,153
1,1,161
3,1,175
0,0,159
0,0,186
1,1,164
0,0,169
0,0,163
3,1,171
0,0,190
0,0,165
0,0,167
6,1,175
9,1,156
0,0,158
0,0,155
0,0,179
0,0,139
0,0,187
0,0,99
0,0,68
1,1,39
0,0,38
0,0,52
0,0,41
3,1,50
0,0,72
0,0,86
0,0,75
0,0,61
0,0,87
0,0,94
3,1,19
0,0,20
0,0,69
0,0,71
0,0,60
0,0,67
0,0,79
2,1,74
0,0,44
0,0,3
0,0,6
0,0,2
1,1,0
0,0,5
6,1,47
28,1,32
5,1,26
0,0,129
0,0,88
1,1,127
0,0,221
0,0,237
0,0,56
0,0,84
0,0,28
0,0,165
14,1,39
17,1,38
0,0,29
0,0,136
0,0,133
0,0,134
15,1,37
0,0,168
0,0,22
0,0,52
0,0,43
0,0,9
0,0,135
0,0,139
0,0,118
0,0,159
0,0,128
0,0,81
0,0,76
0,0,14
0,0,8
0,0,6
1,1,9
4,1,8
0,0,21
0,0,26
0,0,33
0,0,54
0,0,75
0,0,67
0,0,74
0,0,116
0,0,42
26,1,80
0,0,55
0,0,4
1,1,148
0,0,143
0,0,125
0,0,2
0,0,23
14,1,59
0,0,18
4,1,21
0,0,30
0,0,63
0,0,155
0,0,195
0,0,186
0,0,184
0,0,150
0,0,172
0,0,170
0,0,168
0,0,182
0,0,161
0,0,171
0,0,177
0,0,175
0,0,157
0,0,187
0,0,151
0,0,147
0,0,176
0,0,163
0,0,173
14,1,158
3,1,160
0,0,181
0,0,61
0,0,95
0,0,96
0,0,141
0,0,116
0,0,94
0,0,58
0,0,90
0,0,77
0,0,87
0,0,64
0,0,68
0,0,53
0,0,44
0,0,88
0,0,35
0,0,24
0,0,43
0,0,73
0,0,57
0,0,45
0,0,78
0,0,54
17,1,83
12,1,13
0,0,4
0,0,3
1,1,1
0,0,27
0,0,37
0,0,29
0,0,56
0,0,52
10,1,23
0,0,48
0,0,51
2,1,41
0,0,85
0,0,235
0,0,210
0,0,153
0,0,112
6,1,27
0,0,34
0,0,32
18,1,24
0,0,50
0,0,145
0,0,154
0,0,143
0,0,167
0,0,148
0,0,9
0,0,46
0,0,44
0,0,133
0,0,149
0,0,150
0,0,136
10,1,137
0,0,80
0,0,99
0,0,14
0,0,8
0,0,6
0,0,5
3,1,8
0,0,10
0,0,13
29,1,35
0,0,48
28,1,71
0,0,69
16,1,47
0,0,58
0,0,102
3,1,4
0,0,0
0,0,151
0,0,160
0,0,156
4,1,12
0,0,73
0,0,89
0,0,45
0,0,20
0,0,27
23,1,61
0,0,141
0,0,169
0,0,191
0,0,161
0,0,170
0,0,157
0,0,135
0,0,98
0,0,129
0,0,164
0,0,174
6,1,162
0,0,145
0,0,154
6,1,178
0,0,186
29,1,157
0,0,153
0,0,176
9,1,171
15,1,67
0,0,95
0,0,89
0,0,76
0,0,106
0,0,85
0,0,71
0,0,88
7,1,85
10,1,44
1,1,49
0,0,78
0,0,48
0,0,23
0,0,37
0,0,66
0,0,47
0,0,33
0,0,57
0,0,79
0,0,51
0,0,61
0,0,34
5,1,7
0,0,4
1,2,54
0,0,43
0,0,36
0,0,56
0,0,35
0,0,68
0,0,141
7,1,45
22,1,43
0,0,64
0,0,88
0,0,93
0,0,101
0,0,100
0,0,92
0,0,29
0,0,37
2,1,42
10,1,81
18,1,116
0,0,144
0,0,136
0,0,111
0,0,19
0,0,55
0,0,34
0,0,130
0,0,146
0,0,131
2,1,155
30,1,37
0,0,108
0,0,11
0,0,9
0,0,7
0,0,6
2,1,9
5,1,20
0,0,39
28,1,24
0,0,70
0,0,73
0,0,78
0,0,94
0,0,45
0,0,67
0,0,66
0,0,21
0,0,3
0,0,113
0,0,126
0,0,167
26,1,16
22,1,53
0,0,52
0,0,90
0,0,49
0,0,29
0,0,41
0,0,68
12,1,157
1,1,163
0,0,156
0,0,153
2,1,173
0,0,161
0,0,174
0,0,185
0,0,224
0,0,169
5,2,181
0,0,194
0,0,195
0,0,165
0,0,182
0,0,171
0,0,183
13,1,179
0,0,80
0,0,72
0,0,98
0,0,91
0,0,69
0,0,108
0,0,83
3,1,85
3,1,71
0,0,60
0,0,29
0,0,46
0,0,56
0,0,59
0,0,35
0,0,31
0,0,42
0,0,54
0,0,28
0,0,39
0,0,64
0,0,70
0,0,47
0,0,21
0,0,8
0,0,41
0,0,6
0,0,3
0,0,9
0,0,10
0,0,38
0,0,26
17,1,34
17,1,139
0,0,63
0,0,20
18,1,81
0,0,94
0,0,66
0,0,49
0,0,58
0,0,109
0,0,128
0,0,82
14,1,45
19,1,61
0,0,88
0,0,107
0,0,100
0,0,118
0,0,90
0,0,120
0,0,102
0,0,125
15,1,56
0,0,48
0,0,69
0,0,83
0,0,122
0,0,144
0,0,140
0,0,139
28,1,11
0,0,17
0,0,6
0,0,8
2,1,14
0,0,18
0,0,21
0,0,39
0,0,43
0,0,53
0,0,62
0,0,75
0,0,88
0,0,119
0,0,59
0,0,78
0,0,42
0,0,86
16,1,94
0,0,111
0,0,130
29,1,130
0,0,3
23,1,21
0,0,36
0,0,46
0,0,34
0,0,27
0,0,115
1,1,167
0,0,163
1,1,194
0,0,174
0,0,185
0,0,172
0,0,199
0,0,183
0,0,177
0,0,165
10,1,125
0,0,162
0,0,186
0,0,173
0,0,184
0,0,158
0,0,182
10,1,176
0,0,161
0,0,92
0,0,39
0,0,87
0,0,93
0,0,106
0,0,78
0,0,23
0,0,73
0,0,76
1,1,31
0,0,40
0,0,52
0,0,63
0,0,45
0,0,56
0,0,46
7,1,36
0,0,51
0,0,61
16,1,55
0,0,35
23,1,18
0,0,38
26,1,46
0,0,11
0,0,21
0,0,27
0,0,6
0,0,34
0,0,41
0,0,32
0,0,54
0,0,20
0,0,77
0,0,48
0,0,19
0,0,8
0,0,13
0,0,123
0,0,91
0,0,114
10,1,122
5,1,61
24,1,57
0,0,45
0,0,51
0,0,103
0,0,130
0,0,115
0,0,124
0,0,105
5,1,80
0,0,87
0,0,64
11,1,54
29,1,58
0,0,69
0,0,89
0,0,151
0,0,153
11,1,9
0,0,14
0,0,12
0,0,13
2,1,23
0,0,28
0,0,25
0,0,36
0,0,52
0,0,47
20,1,89
0,0,49
18,1,64
0,0,78
23,1,101
0,0,5
0,0,63
0,0,50
0,0,66
0,0,55
1,1,12
0,0,1
0,0,0
0,0,4
0,0,19
0,0,27
0,0,21
0,0,24
1,1,157
0,0,160
0,0,175
0,0,168
0,0,139
0,0,155
0,0,166
0,0,172
0,0,203
0,0,174
10,1,111
0,0,152
8,1,177
0,0,184
0,0,178
1,1,168
0,0,140
0,0,89
0,0,92
0,0,66
0,0,47
3,1,99
0,0,107
0,0,70
0,0,54
0,0,52
0,0,58
0,0,38
0,0,32
0,0,93
0,0,84
0,0,65
0,0,71
0,0,45
0,0,33
0,0,25
0,0,43
4,1,41
0,0,72
0,0,42
0,0,50
0,0,34
0,0,56
0,0,51
0,0,40
19,1,0
0,0,59
15,1,5
0,0,29
0,0,14
0,0,19
0,0,27
0,0,8
0,0,143
0,0,204
0,0,22
0,0,26
14,1,22
0,0,102
0,0,17
30,1,151
0,0,97
0,0,63
28,1,53
0,0,39
3,1,87
0,0,127
1,1,131
0,0,140
0,0,104
30,1,71
0,0,55
0,0,58
0,0,41
0,0,52
0,0,44
0,0,43
0,0,64
0,0,116
0,0,78
0,0,99
0,0,16
28,1,17
0,0,15
0,0,9
0,0,29
0,0,45
13,1,29
0,0,48
4,1,63
0,0,84
0,0,89
0,0,91
0,0,72
0,0,98
28,1,108
0,0,56
9,1,42
3,1,56
0,0,67
0,0,58
0,0,4
1,1,7
3,1,3
30,1,16
7,1,159
0,0,147
0,0,158
0,0,170
0,0,196
2,1,169
0,0,156
8,1,130
0,0,148
0,0,152
0,0,167
0,0,155
0,0,178
0,0,197
0,0,209
0,0,173
0,0,83
0,0,74
0,0,77
0,0,65
0,0,67
0,0,46
6,1,112
0,0,129
0,0,69
7,1,55
1,1,35
0,0,24
0,0,68
0,0,70
0,0,54
14,1,101
0,0,20
0,0,14
0,0,40
0,0,51
8,2,50
0,0,62
0,0,44
0,0,48
0,0,38
0,0,37
0,0,27
0,0,8
0,0,34
0,0,31
0,0,11
0,0,32
8,1,33
0,0,42
5,1,40
0,0,219
0,0,53
10,1,32
0,0,30
9,1,43
0,0,114
0,0,121
0,0,72
27,1,43
0,0,49
25,1,43
0,0,79
0,0,135
0,0,137
2,1,135
0,0,68
0,0,60
0,0,65
0,0,61
12,1,90
0,0,73
0,0,34
8,1,72
0,0,133
0,0,99
0,0,74
0,0,24
0,0,16
0,0,20
0,0,23
0,0,14
0,0,29
0,0,42
0,0,51
0,0,45
0,0,223
0,0,213
24,1,62
0,0,64
0,0,85
23,1,137
0,0,87
0,0,95
30,1,32
0,0,61
0,0,60
0,0,59
0,0,39
6,1,54
3,1,6
0,0,4
0,0,5
0,0,3
0,0,7
0,0,27
0,0,212
0,0,194
0,0,173
0,0,157
0,0,160
0,0,183
0,0,172
0,0,168
3,1,134
4,1,149
0,0,161
0,0,185
0,0,176
0,0,197
0,0,169
0,0,107
0,0,64
27,1,64
29,1,60
0,0,36
0,0,90
8,1,123
5,1,69
0,0,71
0,0,77
0,0,65
0,0,67
0,0,87
0,0,59
0,0,38
0,0,62
0,0,35
0,0,15
0,0,31
0,0,49
0,0,57
0,0,66
8,1,31
0,0,26
7,1,17
11,1,26
0,0,24
0,0,9
0,0,23
0,0,18
0,0,12
16,1,44
0,0,36
0,0,41
9,1,44
0,0,20
0,0,69
0,0,42
0,0,30
18,1,31
6,1,130
0,0,102
0,0,67
0,0,55
9,1,38
18,1,54
0,0,76
0,0,131
0,0,156
0,0,124
0,0,132
11,1,30
0,0,75
0,0,74
0,0,116
0,0,100
0,0,128
0,0,51
0,0,65
0,0,80
0,0,170
0,0,37
26,1,13
0,0,22
0,0,27
0,0,23
5,1,27
0,0,35
0,0,46
24,1,177
0,0,222
0,0,81
22,1,55
0,0,54
0,0,97
0,0,91
0,0,131
0,0,124
0,0,104
0,0,59
0,0,53
0,0,64
0,0,66
12,1,78
0,0,34
0,0,31
0,0,10
0,0,5
0,0,3
1,1,6
0,0,14
0,0,152
0,0,165
0,0,199
0,0,160
0,0,182
0,0,149
0,0,154
0,0,169
0,0,171
0,0,161
0,0,163
0,0,155
0,0,173
0,0,174
0,0,172
0,0,109
0,0,95
0,0,108
0,0,89
28,1,83
0,0,85
0,0,88
0,0,30
0,0,99
0,0,119
0,0,120
0,0,65
0,0,72
0,0,59
0,0,75
0,0,54
0,0,61
0,0,76
0,0,35
0,0,38
0,0,126
0,0,20
0,0,15
0,0,34
0,0,37
0,0,44
0,0,45
0,0,26
0,0,23
0,0,21
0,0,27
0,0,46
11,1,43
0,0,57
0,0,10
0,0,29
0,0,12
0,0,9
16,1,32
11,1,45
0,0,16
0,0,24
0,0,13
0,0,1
0,0,41
0,0,39
27,1,28
17,1,123
0,0,87
0,0,64
0,0,50
0,0,47
0,0,40
0,0,42
4,1,67
9,1,148
0,0,145
0,0,122
0,0,63
25,1,27
0,0,69
17,2,109
0,0,79
0,0,115
0,0,49
0,0,36
0,0,35
27,1,28
0,0,23
4,1,29
0,0,41
0,0,147
0,0,190
0,0,116
0,0,220
0,0,215
0,0,221
0,0,66
0,0,70
0,0,57
0,0,64
0,0,100
0,0,61
0,0,112
0,0,139
0,0,134
0,0,53
0,0,78
0,0,75
3,1,81
0,0,110
19,1,31
30,1,15
0,0,3
1,1,7
0,0,6
0,0,176
0,0,170
0,0,154
0,0,165
2,1,155
22,1,153
0,0,160
0,0,127
3,1,154
0,0,152
0,0,89
0,0,83
0,0,99
0,0,93
0,0,54
0,0,77
0,0,76
0,0,84
0,0,75
0,0,22
0,0,33
9,1,119
0,0,94
0,0,63
0,0,59
0,0,66
0,0,56
0,0,53
1,1,48
0,0,24
17,1,93
0,0,11
0,0,19
0,0,60
0,0,44
0,0,41
19,1,45
0,0,30
0,0,42
0,0,46
0,0,27
0,0,23
0,0,8
0,0,32
0,0,0
0,0,14
1,1,0
7,1,19
0,0,29
0,0,37
0,0,12
0,0,9
12,1,3
0,0,36
0,0,35
7,1,37
0,0,18
0,0,100
0,0,86
0,0,75
0,0,50
0,0,57
30,1,43
0,0,47
0,0,79
0,0,127
0,0,141
0,0,139
0,0,122
0,0,87
0,0,24
0,0,38
24,1,101
0,0,98
0,0,128
0,0,29
0,0,39
0,0,41
0,0,4
0,0,23
0,0,27
1,1,18
0,0,69
17,1,124
0,0,147
0,0,187
0,0,168
0,0,206
0,0,197
0,0,185
22,1,40
0,0,52
0,0,42
0,0,60
0,0,51
0,0,121
0,0,97
0,0,133
7,1,50
0,0,47
0,0,59
0,0,62
0,0,65
0,0,123
0,0,137
17,1,65
0,0,9
0,0,2
0,0,4
1,1,175
0,0,167
0,0,141
0,0,176
0,0,139
0,0,134
0,0,172
0,0,191
5,1,107
0,0,130
27,1,68
0,0,48
0,0,61
0,0,79
0,0,100
0,0,92
0,0,71
5,1,60
0,0,74
0,0,21
0,0,41
0,0,116
23,1,57
0,0,73
10,2,55
0,0,45
0,0,56
0,0,50
1,1,47
6,1,20
0,0,23
0,0,34
0,0,36
0,0,38
19,1,45
5,1,60
0,0,29
0,0,37
0,0,62
0,0,67
0,0,98
0,0,26
0,0,12
0,0,13
0,0,24
0,0,21
0,0,16
0,0,27
0,0,32
0,0,11
0,0,9
0,0,7
9,1,23
7,1,17
12,1,42
0,0,118
0,0,84
0,0,66
0,0,54
0,0,40
6,1,39
0,0,49
0,0,59
0,0,115
0,0,120
0,0,132
0,0,124
0,0,106
0,0,0
0,0,12
21,1,17
0,0,25
0,0,18
24,1,23
0,0,28
0,0,32
0,0,38
7,1,8
8,1,59
0,0,117
19,1,169
0,0,154
0,0,158
0,0,160
0,0,173
0,0,54
0,0,47
0,0,53
0,0,42
0,0,73
0,0,60
6,1,98
0,0,122
0,0,105
22,1,40
0,0,43
0,0,50
12,1,62
14,1,58
9,1,107
0,0,14
0,0,25
0,0,6
0,0,5
0,0,144
0,0,142
0,0,157
0,0,188
0,0,166
0,0,171
0,0,87
0,0,167
0,0,124
0,0,150
0,0,67
0,0,72
0,0,79
22,1,50
0,0,84
0,0,98
5,1,61
0,0,94
0,0,60
0,0,73
26,1,40
0,0,131
0,0,139
0,0,57
0,0,68
18,1,55
0,0,39
0,0,36
12,1,37
8,1,59
0,0,45
0,0,21
1,1,26
0,0,52
11,1,53
0,0,43
30,1,33
15,1,52
0,0,154
0,0,129
0,0,61
0,0,31
0,0,7
0,0,10
0,0,24
22,1,29
12,1,34
0,0,15
0,0,4
9,1,5
0,0,40
0,0,30
11,1,31
0,0,41
4,1,66
0,0,59
21,1,45
30,1,57
0,0,63
0,0,64
0,0,109
0,0,106
4,1,23
0,0,120
0,0,3
0,0,13
1,1,17
0,0,18
0,0,25
0,0,22
0,0,36
0,0,26
0,0,33
0,0,35
5,1,4
0,0,10
0,0,32
0,0,147
0,0,71
0,0,182
0,0,173
0,0,184
0,0,161
0,0,77
0,0,27
0,0,41
0,0,42
0,0,50
0,0,65
30,1,67
0,0,70
0,0,116
0,0,82
0,0,47
28,1,33
25,1,44
0,0,48
0,0,39
0,0,34
0,0,61
16,1,21
0,0,28
0,0,56
0,0,4
0,0,140
0,0,150
0,0,159
0,0,175
3,1,145
6,1,145
0,0,144
0,0,57
0,0,54
0,0,84
0,0,96
28,1,59
0,0,71
0,0,68
0,0,77
0,0,43
0,0,78
0,0,72
3,1,22
0,0,52
0,0,147
0,0,80
0,0,47
0,0,39
0,0,58
20,1,43
0,0,46
0,0,70
19,1,53
0,0,86
0,0,56
0,0,21
0,0,24
7,1,67
7,1,54
25,1,54
3,1,30
0,0,96
0,0,144
0,0,158
18,1,14
0,0,19
0,0,17
0,0,51
0,0,26
0,0,38
26,1,35
0,0,18
0,0,10
1,1,7
0,0,37
0,0,33
0,0,47
0,0,31
0,0,29
0,0,25
0,0,68
0,0,69
30,1,57
0,0,58
0,0,52
0,0,64
0,0,88
0,0,104
0,0,4
0,0,24
4,1,139
0,0,1
0,0,9
0,0,12
3,1,4
4,1,14
0,0,23
0,0,28
2,1,32
0,0,18
11,1,3
0,0,7
30,1,31
30,1,88
0,0,102
0,0,194
0,0,94
12,1,55
0,0,99
8,1,67
0,0,66
0,0,127
0,0,141
0,0,33
0,0,122
5,1,35
0,0,40
27,1,34
30,1,35
0,0,50
0,0,43
0,0,51
0,0,20
8,1,57
0,0,3
0,0,187
0,0,143
0,0,157
18,1,145
0,0,158
2,1,151
0,0,113
0,0,63
0,0,91
0,0,85
0,0,76
2,1,95
0,0,83
0,0,78
8,1,72
0,0,67
0,0,61
0,0,34
0,0,27
0,0,84
0,0,111
0,0,62
0,0,66
0,0,58
0,0,41
0,0,35
0,0,53
0,0,50
0,0,54
6,1,60
0,0,56
0,0,49
0,0,37
0,0,21
0,0,77
0,0,44
0,0,42
14,1,65
19,1,59
23,1,71
0,0,150
0,0,109
0,0,160
0,0,119
12,1,11
0,0,38
0,0,29
0,0,39
29,1,22
0,0,7
7,1,15
0,0,4
0,0,27
0,0,20
23,1,34
1,1,27
0,0,47
0,0,82
2,1,52
0,0,67
0,0,58
0,0,69
0,0,108
0,0,42
0,0,50
0,0,90
0,0,136
0,0,153
0,0,12
25,1,3
0,0,19
0,0,6
29,1,35
0,0,29
0,0,33
28,2,21
0,0,17
11,1,6
0,0,10
0,0,26
0,0,49
0,0,53
0,0,54
0,0,106
0,0,110
0,0,51
0,0,83
0,0,55
0,0,60
0,0,79
0,0,68
0,0,122
20,1,21
0,0,40
0,0,62
2,1,35
0,0,41
20,1,25
22,1,28
29,1,34
0,0,19
0,0,30
15,1,6
0,0,170
0,0,157
0,0,126
0,0,145
0,0,143
0,0,210
0,0,166
0,0,128
0,0,77
0,0,103
0,0,96
0,0,83
1,1,79
0,0,73
0,0,68
0,0,71
0,0,85
0,0,127
0,0,61
0,0,51
0,0,23
0,0,46
0,0,118
0,0,58
0,0,63
0,0,60
0,0,44
0,0,29
0,0,50
0,0,37
0,0,75
0,0,72
13,1,73
10,1,56
0,0,31
10,1,67
4,1,40
0,0,54
0,0,43
0,0,38
0,0,47
4,1,72
23,1,140
0,0,161
0,0,90
0,0,35
0,0,10
0,0,49
1,1,47
14,1,49
0,0,36
0,0,52
0,0,14
0,0,5
0,0,42
0,0,32
0,0,25
0,0,19
1,1,33
3,1,69
0,0,53
0,0,66
0,0,76
0,0,78
0,0,84
0,0,81
0,0,133
0,0,132
0,0,131
0,0,137
0,0,181
0,0,17
0,0,26
0,0,1
0,0,2
25,1,13
0,0,30
0,0,21
7,1,26
26,1,34
28,1,5
11,1,16
3,1,102
3,1,20
30,1,95
0,0,35
0,0,32
0,0,29
0,0,52
0,0,48
0,0,84
0,0,86
0,0,18
0,0,22
0,0,28
15,1,44
0,0,31
0,0,41
0,0,45
0,0,46
0,0,51
0,0,38
0,0,30
0,0,40
12,1,15
15,1,2
0,0,198
0,0,158
0,0,157
0,0,207
0,0,159
0,0,196
0,0,180
0,0,88
0,0,91
0,0,97
0,0,83
30,1,66
0,0,67
22,1,60
27,1,79
0,0,58
0,0,56
0,0,68
25,1,109
0,0,123
4,1,49
0,0,70
0,0,50
0,0,55
0,0,47
4,1,61
20,1,61
19,1,59
24,1,30
19,1,54
0,0,46
0,0,28
0,0,44
29,1,63
20,1,77
3,1,72
5,1,91
0,0,78
0,0,10
0,0,11
0,0,31
26,1,40
0,0,42
0,0,48
0,0,35
15,1,9
9,1,22
0,0,36
0,0,39
12,1,12
0,0,24
0,0,43
0,0,69
0,0,62
0,0,61
3,1,88
0,0,93
0,0,119
0,0,149
0,0,142
0,0,212
0,0,233
0,0,0
29,1,57
0,0,13
0,0,8
0,0,45
0,0,19
0,0,23
2,1,18
25,1,30
0,0,59
30,1,5
0,0,3
0,0,15
0,0,21
0,0,22
0,0,17
14,1,13
0,0,20
5,1,24
0,0,37
0,0,43
0,0,55
0,0,52
0,0,2
27,1,38
0,0,53
0,0,92
0,0,56
0,0,28
0,0,29
12,1,41
0,0,42
0,0,50
0,0,46
0,0,33
0,0,49
22,1,18
0,0,9
0,0,169
0,0,150
0,0,161
3,1,152
0,0,162
0,0,171
0,0,86
0,0,105
0,0,87
0,0,82
0,0,74
0,0,88
0,0,67
0,0,47
0,0,61
0,0,78
4,1,60
0,0,63
0,0,100
26,1,154
8,1,81
10,1,59
1,1,64
0,0,54
0,0,55
0,0,62
0,0,68
2,1,47
22,1,45
0,0,31
19,1,47
30,1,99
11,2,53
0,0,30
0,0,109
0,0,71
0,0,66
0,0,57
0,0,32
0,0,26
0,0,11
0,0,37
0,0,34
0,0,43
0,0,42
4,1,38
0,0,33
0,0,24
0,0,15
0,0,12
5,1,37
6,1,35
1,1,28
0,0,23
0,0,65
0,0,73
1,1,98
0,0,115
0,0,104
0,0,99
0,0,134
0,0,232
0,0,248
0,0,255
28,1,22
0,0,19
0,0,53
26,1,28
29,1,30
0,0,31
0,0,34
3,1,23
0,0,92
0,0,81
0,0,96
0,0,12
0,0,17
0,0,25
11,1,32
0,0,26
10,1,23
2,2,21
6,1,32
0,0,66
0,0,50
23,1,28
0,0,55
0,0,69
28,1,14
0,0,27
17,1,41
0,0,52
0,0,47
0,0,49
0,0,37
0,0,65
23,1,9
0,0,4
0,0,154
0,0,124
0,0,171
0,0,172
0,0,183
0,0,179
0,0,113
11,1,91
0,0,89
0,0,63
0,0,108
0,0,54
0,0,72
0,0,73
5,1,80
0,0,78
0,0,77
0,0,98
30,1,90
0,0,136
0,0,79
0,0,66
1,1,54
0,0,53
0,0,61
17,1,89
0,0,86
1,1,62
0,0,56
0,0,41
0,0,59
2,1,42
17,1,133
0,0,119
0,0,93
0,0,47
20,1,91
0,0,43
0,0,74
0,0,88
0,0,68
0,0,33
0,0,113
0,0,31
1,1,63
27,1,37
0,0,22
0,0,32
0,0,24
0,0,16
0,0,20
0,0,12
6,1,35
15,1,44
0,0,30
25,1,23
0,0,80
0,0,81
0,0,84
0,0,103
0,0,101
0,0,106
0,0,98
0,0,219
0,0,246
0,0,234
0,0,3
14,1,27
16,1,36
0,0,70
0,0,42
28,1,44
0,0,32
0,0,40
9,1,31
0,0,96
0,0,104
0,0,113
0,0,28
11,1,43
17,1,20
0,0,16
13,1,25
0,0,22
1,1,21
7,1,113
0,0,89
0,0,48
0,0,13
28,1,63
0,0,34
3,1,26
0,0,19
0,0,14
27,1,44
0,0,35
10,1,40
0,0,61
0,0,37
0,0,4
0,0,5
0,0,160
0,0,171
0,0,165
0,0,176
0,0,153
1,1,95
0,0,81
0,0,76
0,0,65
0,0,90
4,1,88
0,0,75
0,0,79
0,0,77
0,0,83
0,0,56
0,0,72
0,0,74
0,0,28
0,0,139
0,0,117
0,0,63
15,1,68
0,0,59
0,0,80
0,0,69
0,0,78
0,0,123
22,1,81
12,1,84
0,0,31
0,0,55
0,0,50
0,0,49
0,0,196
0,0,105
0,0,170
0,0,141
0,0,148
0,0,133
0,0,149
9,1,130
14,1,40
0,0,24
0,0,43
0,0,53
27,1,67
0,0,42
0,0,34
0,0,20
0,0,35
0,0,28
0,0,21
0,0,13
0,0,17
0,0,4
0,0,27
0,0,25
0,0,29
0,0,31
12,1,41
0,0,93
0,0,96
0,0,109
1,1,115
0,0,101
0,0,180
0,0,241
0,0,251
0,0,254
13,1,27
0,0,32
16,1,38
0,0,26
0,0,43
0,0,37
24,1,54
3,1,34
0,0,7
0,0,110
0,0,112
0,0,106
0,0,22
0,0,30
16,1,37
0,0,21
0,0,36
0,0,48
21,1,21
0,0,25
0,0,14
11,1,55
0,0,42
0,0,11
0,0,46
0,0,66
0,0,71
28,1,35
0,0,38
2,1,36
0,0,27
0,0,26
0,0,45
17,1,39
23,1,17
0,0,4
0,0,5
0,0,164
0,0,161
0,0,151
0,0,163
0,0,136
0,0,83
0,0,102
0,0,89
0,0,64
25,1,79
0,0,76
0,0,78
29,1,66
0,0,68
0,0,69
0,0,63
0,0,65
0,0,24
0,0,42
0,0,159
0,0,71
13,1,77
15,1,59
3,1,71
0,0,124
0,0,141
0,0,61
0,0,147
0,0,156
0,0,161
0,0,54
0,0,45
0,0,43
0,0,40
0,0,197
0,0,101
0,0,172
0,0,142
9,1,116
0,0,151
30,1,130
0,0,98
0,0,41
0,0,12
0,0,44
0,0,64
0,0,52
0,0,72
2,1,39
0,0,50
22,1,34
0,0,20
0,0,16
12,1,10
0,0,26
0,0,14
0,0,17
0,0,25
0,0,38
17,1,108
0,0,126
1,1,102
0,0,93
0,0,212
0,0,241
0,0,252
0,0,248
16,1,21
0,0,18
18,1,33
25,1,28
0,0,13
7,1,52
0,0,49
10,1,28
18,1,111
0,0,116
0,0,101
14,1,31
0,0,24
0,0,29
1,1,35
5,1,43
19,1,49
3,1,79
0,0,77
0,0,46
0,0,65
0,0,88
0,0,60
0,0,51
30,1,17
0,0,27
0,0,40
0,0,37
1,1,15
24,1,33
0,0,23
27,1,5
1,2,176
0,0,134
0,0,163
21,1,93
0,0,96
0,0,91
0,0,89
0,0,67
0,0,59
0,0,74
3,1,87
0,0,55
0,0,84
0,0,76
0,0,70
7,1,17
0,0,22
0,0,99
0,0,125
0,0,62
0,0,82
12,1,59
0,0,112
0,0,145
0,0,178
0,0,147
0,0,172
0,0,193
0,0,179
0,0,155
4,1,61
0,0,77
0,0,163
0,0,93
0,0,160
0,0,181
0,0,168
0,0,170
4,1,153
30,1,57
0,0,71
0,0,73
0,0,41
0,0,70
0,0,10
0,0,72
0,0,42
0,0,54
0,0,52
0,0,56
0,0,30
0,0,31
0,0,39
2,1,14
0,0,19
0,0,9
3,1,28
0,0,33
5,1,37
0,0,109
0,0,117
0,0,146
0,0,134
0,0,110
0,0,184
0,0,243
0,0,253
0,0,249
0,0,218
21,1,50
28,1,36
0,0,41
0,0,25
1,1,4
28,1,50
0,0,40
0,0,35
7,1,104
0,0,112
0,0,128
0,0,101
0,0,30
0,0,26
0,0,16
0,0,20
16,1,23
0,0,17
0,0,15
0,0,27
4,1,29
0,0,33
0,0,68
0,0,78
0,0,119
14,1,63
17,1,68
0,0,28
0,0,18
0,0,36
0,0,34
13,1,39
24,1,30
0,0,31
23,1,6
0,0,5
1,1,190
0,0,166
0,0,173
0,0,123
0,0,90
0,0,64
0,0,60
0,0,86
0,0,73
0,0,98
0,0,84
0,0,66
0,0,71
0,0,82
0,0,81
0,0,63
0,0,72
11,1,20
0,0,38
0,0,83
0,0,102
0,0,76
0,0,75
1,1,151
0,0,159
0,0,141
0,0,143
0,0,100
0,0,165
0,0,182
0,0,147
0,0,144
13,1,152
0,0,164
0,0,204
0,0,171
0,0,180
0,0,199
0,0,132
6,1,135
0,0,130
16,1,74
25,1,129
0,0,51
0,0,63
28,1,57
3,1,62
0,0,44
0,0,56
0,0,24
3,1,34
1,1,17
0,0,11
0,0,16
0,0,12
0,0,37
0,0,47
0,0,35
0,0,46
0,0,111
0,0,137
0,0,146
0,0,128
0,0,140
0,0,243
0,0,248
0,0,254
0,0,255
12,1,51
0,0,40
0,0,42
3,1,42
27,1,26
0,0,20
0,0,58
0,0,56
0,0,25
0,0,19
0,0,28
0,0,95
0,0,120
0,0,130
0,0,99
0,0,22
0,0,27
0,0,11
10,1,20
1,2,16
0,0,21
0,0,30
17,1,47
0,0,80
0,0,91
0,0,125
0,0,62
0,0,34
0,0,41
24,1,33
0,0,23
0,0,35
0,0,44
14,1,40
0,0,43
0,0,28
2,1,41
0,0,3
0,0,8
1,1,169
0,0,205
0,0,145
0,0,76
0,0,81
0,0,78
0,0,95
0,0,75
0,0,72
1,1,89
4,1,78
6,1,68
0,0,67
13,1,87
0,0,21
0,0,36
0,0,85
0,0,37
0,0,79
0,0,71
0,0,77
0,0,155
0,0,158
0,0,141
0,0,167
0,0,154
0,0,170
0,0,221
0,0,162
0,0,171
0,0,177
0,0,165
0,0,131
0,0,150
0,0,116
0,0,132
0,0,204
0,0,163
7,1,185
0,0,89
0,0,181
0,0,146
21,1,197
0,0,57
0,0,74
0,0,75
0,0,36
0,0,51
0,0,60
0,0,48
0,0,39
0,0,33
0,0,29
0,0,30
0,0,34
0,0,20
0,0,18
1,1,13
0,0,45
0,0,23
0,0,86
0,0,149
0,0,138
0,0,137
0,0,144
0,0,143
0,0,164
0,0,246
0,0,248
1,1,36
23,1,48
0,0,50
0,0,38
23,1,33
0,0,51
20,1,52
0,0,28
0,0,24
0,0,31
0,0,27
0,0,91
0,0,105
0,0,113
0,0,139
0,0,90
6,1,29
0,0,21
9,1,21
0,0,23
0,0,12
0,0,19
0,0,18
0,0,10
8,1,79
0,0,82
17,1,120
0,0,146
27,1,44
0,0,33
0,0,14
2,1,25
22,2,43
0,0,57
0,0,42
0,0,49
0,0,50
0,0,15
0,0,3
0,0,7
0,0,169
0,0,130
0,0,98
0,0,92
0,0,90
26,1,86
0,0,61
0,0,55
0,0,69
0,0,73
0,0,48
0,0,56
0,0,75
30,1,41
0,0,82
0,0,111
0,0,30
0,0,58
0,0,74
5,1,71
0,0,72
0,0,91
0,0,179
0,0,174
0,0,178
0,0,127
0,0,153
0,0,200
0,0,181
0,0,169
0,0,170
0,0,189
0,0,47
0,0,166
0,0,193
0,0,98
0,0,146
0,0,216
0,0,165
0,0,154
0,0,162
0,0,152
0,0,142
0,0,163
0,0,141
0,0,77
0,0,80
0,0,65
0,0,70
0,0,69
0,0,73
6,1,31
0,0,53
0,0,54
0,0,88
0,0,35
0,0,42
0,0,18
0,0,37
0,0,22
0,0,19
6,1,41
1,1,115
0,0,100
0,0,184
0,0,149
0,0,155
0,0,177
0,0,237
0,0,249
1,1,75
0,0,46
0,0,62
0,0,50
0,0,32
0,0,59
0,0,36
0,0,20
26,1,47
0,0,38
0,0,26
0,0,30
0,0,4
0,0,61
0,0,89
24,1,146
0,0,132
0,0,19
17,1,17
0,0,37
12,1,16
0,0,23
0,0,28
0,0,15
0,0,10
0,0,13
0,0,57
0,0,85
0,0,90
0,0,114
0,0,138
0,0,25
30,1,47
26,1,10
0,0,27
15,1,29
0,0,40
0,0,32
9,1,43
3,1,38
23,1,10
0,0,87
0,0,101
0,0,83
0,0,89
1,1,71
0,0,65
0,0,55
0,0,81
0,0,62
0,0,59
0,0,56
0,0,78
0,0,74
0,0,97
0,0,26
7,1,94
0,0,70
0,0,53
7,1,71
0,0,98
18,1,110
0,0,159
0,0,170
0,0,163
0,0,160
0,0,119
0,0,173
0,0,213
1,1,187
0,0,212
0,0,191
11,1,178
0,0,164
0,0,133
0,0,182
3,1,152
0,0,140
0,0,144
0,0,146
0,0,157
0,0,67
0,0,115
0,0,54
0,0,61
0,0,88
0,0,62
0,0,73
2,1,33
0,0,52
0,0,40
0,0,57
0,0,19
0,0,8
2,1,30
0,0,26
0,0,25
0,0,12
0,0,38
10,1,72
0,0,96
0,0,119
0,0,133
0,0,159
0,0,185
0,0,253
0,0,249
0,0,250
0,0,50
0,0,55
0,0,37
22,1,56
0,0,44
0,0,42
0,0,35
0,0,45
0,0,29
0,0,32
0,0,43
0,0,31
0,0,11
0,0,49
0,0,80
0,0,94
0,0,124
0,0,120
0,0,26
30,1,36
0,0,62
16,1,42
0,0,28
0,0,13
0,0,18
0,0,24
0,0,7
29,1,69
0,0,85
0,0,122
0,0,132
0,0,17
28,1,32
0,0,48
0,0,12
0,0,21
15,1,28
3,1,24
8,1,30
24,1,34
12,1,15
